This is the report for the daphnet Dataset

Data Distribution: 

Train:  X -> (7945, 192, 9) Class count -> [7251, 694] 

           frequency
No freeze  91.264946
Freeze      8.735053

Validation:  X -> (1602, 192, 9) Class count -> [1345, 257] 

           frequency
No freeze  83.957550
Freeze     16.042446

Test:  X -> (2332, 192, 9) Class count -> [2165, 167] 

           frequency
No freeze  92.838760
Freeze      7.161235

CNN Model : 2021-02-10 19:38:37.128647
Model History 
         loss  accuracy  val_loss  val_accuracy        lr
0    0.689891  0.692133  0.587799      0.838951  0.000500
1    0.613751  0.846570  0.573558      0.839576  0.000500
2    0.561362  0.891127  0.592197      0.846442  0.000500
3    0.525010  0.907992  0.542611      0.875156  0.000500
4    0.489076  0.937697  0.590615      0.839576  0.000500
5    0.461185  0.946004  0.528339      0.857054  0.000500
6    0.433480  0.950157  0.512985      0.853308  0.000500
7    0.408894  0.964128  0.509246      0.849563  0.000500
8    0.381816  0.970925  0.513552      0.845194  0.000500
9    0.360889  0.975960  0.476655      0.848315  0.000500
10   0.334012  0.981875  0.481600      0.855181  0.000500
11   0.322955  0.981498  0.455951      0.860175  0.000500
12   0.307594  0.983260  0.449550      0.857054  0.000500
13   0.287378  0.988043  0.455507      0.858926  0.000500
14   0.276939  0.987036  0.451352      0.846442  0.000500
15   0.261324  0.989553  0.449949      0.842072  0.000500
16   0.244561  0.992448  0.429075      0.855181  0.000500
17   0.242098  0.989679  0.420934      0.852684  0.000500
18   0.226959  0.990938  0.431870      0.842072  0.000500
19   0.213776  0.992700  0.422912      0.848315  0.000500
20   0.205334  0.993329  0.429758      0.862047  0.000500
21   0.200085  0.990560  0.432344      0.846442  0.000500
22   0.186058  0.994462  0.418064      0.845194  0.000500
23   0.176413  0.995343  0.407263      0.850811  0.000500
24   0.166086  0.997357  0.414492      0.845194  0.000500
25   0.159981  0.995846  0.403902      0.854557  0.000500
26   0.154236  0.996728  0.413315      0.848315  0.000500
27   0.145838  0.997860  0.424215      0.848315  0.000500
28   0.141732  0.997105  0.398506      0.853933  0.000500
29   0.135005  0.997609  0.421776      0.852060  0.000500
30   0.151742  0.986029  0.442024      0.843321  0.000500
31   0.134898  0.993833  0.424002      0.845194  0.000500
32   0.127116  0.994588  0.453643      0.842072  0.000500
33   0.117733  0.997860  0.415215      0.852684  0.000500
34   0.111742  0.997734  0.401223      0.855181  0.000500
35   0.117027  0.993833  0.444184      0.842697  0.000500
36   0.118851  0.991567  0.411069      0.853933  0.000500
37   0.106510  0.995846  0.457729      0.843945  0.000500
38   0.110830  0.992070  0.445867      0.846442  0.000500
39   0.115359  0.988798  0.493745      0.841448  0.000500
40   0.101660  0.994084  0.424305      0.844569  0.000500
41   0.109902  0.989931  0.432221      0.845818  0.000500
42   0.097112  0.994462  0.447398      0.847690  0.000500
43   0.088663  0.996602  0.461578      0.842697  0.000500
44   0.093641  0.993833  0.486870      0.844569  0.000500
45   0.100171  0.990560  0.498648      0.842072  0.000500
46   0.079336  0.997734  0.505959      0.840824  0.000500
47   0.078087  0.996853  0.489480      0.845194  0.000500
48   0.077439  0.997105  0.502389      0.843945  0.000500
49   0.072456  0.997357  0.505782      0.842072  0.000500
50   0.077431  0.994462  0.486446      0.843321  0.000500
51   0.068276  0.997357  0.502820      0.842072  0.000500
52   0.076456  0.993455  0.512222      0.843321  0.000500
53   0.080073  0.991441  0.519301      0.843321  0.000500
54   0.071971  0.994714  0.469498      0.849563  0.000500
55   0.063372  0.997609  0.537076      0.842697  0.000500
56   0.071001  0.993707  0.513008      0.846442  0.000500
57   0.060512  0.997734  0.502342      0.849563  0.000500
58   0.056313  0.998112  0.565081      0.840824  0.000500
59   0.058160  0.997105  0.517656      0.847690  0.000500
60   0.053344  0.998364  0.562248      0.844569  0.000500
61   0.050813  0.998993  0.581108      0.842072  0.000500
62   0.061776  0.994840  0.551959      0.843321  0.000500
63   0.069269  0.992070  0.610146      0.839576  0.000500
64   0.057440  0.995595  0.567911      0.842072  0.000500
65   0.065259  0.993077  0.565992      0.841448  0.000500
66   0.061832  0.994336  0.566334      0.843945  0.000500
67   0.049686  0.997986  0.566565      0.843321  0.000500
68   0.048422  0.997734  0.548215      0.846442  0.000500
69   0.044381  0.998993  0.586777      0.843945  0.000500
70   0.042652  0.998867  0.586437      0.845818  0.000500
71   0.043300  0.998238  0.637730      0.840200  0.000500
72   0.043136  0.998741  0.598836      0.844569  0.000500
73   0.042133  0.998490  0.500959      0.848315  0.000500
74   0.044588  0.997986  0.619639      0.839576  0.000500
75   0.043946  0.997734  0.649958      0.840824  0.000500
76   0.047830  0.995721  0.612010      0.845194  0.000500
77   0.042779  0.996979  0.646258      0.841448  0.000500
78   0.040438  0.998490  0.647264      0.844569  0.000500
79   0.035780  0.999371  0.646690      0.844569  0.000500
80   0.040456  0.997734  0.684273      0.838951  0.000500
81   0.049990  0.994084  0.742960      0.840200  0.000500
82   0.039410  0.997483  0.628606      0.843321  0.000500
83   0.039643  0.998238  0.692312      0.840200  0.000500
84   0.037207  0.997986  0.683172      0.841448  0.000500
85   0.035259  0.998741  0.663935      0.841448  0.000500
86   0.047616  0.994588  0.716728      0.838951  0.000500
87   0.041370  0.995595  0.662477      0.840824  0.000500
88   0.042670  0.995972  0.686778      0.840200  0.000500
89   0.044259  0.994840  0.685400      0.842072  0.000500
90   0.036961  0.997986  0.643790      0.842697  0.000500
91   0.040881  0.996476  0.638853      0.842697  0.000500
92   0.034597  0.998238  0.704360      0.842697  0.000500
93   0.037917  0.996853  0.687981      0.838951  0.000500
94   0.039921  0.995972  0.659717      0.843945  0.000500
95   0.033410  0.998741  0.623406      0.851436  0.000500
96   0.032808  0.998616  0.702238      0.842697  0.000500
97   0.035089  0.997986  0.750967      0.841448  0.000500
98   0.041640  0.995217  0.668931      0.844569  0.000500
99   0.045461  0.994840  0.725500      0.842072  0.000500
100  0.044767  0.994462  0.753605      0.841448  0.000500
101  0.034807  0.997986  0.689568      0.845818  0.000500
102  0.031510  0.999497  0.755692      0.840824  0.000500
103  0.036148  0.997483  0.777122      0.841448  0.000500
104  0.036702  0.996602  0.726750      0.842072  0.000500
105  0.036180  0.997231  0.726321      0.842697  0.000500
106  0.037375  0.997357  0.721945      0.844569  0.000500
107  0.031410  0.998741  0.727982      0.845818  0.000500
108  0.030912  0.998616  0.737473      0.845194  0.000500
109  0.029798  0.998993  0.775254      0.841448  0.000500
110  0.028431  0.999622  0.773892      0.843321  0.000500
111  0.027537  0.999622  0.768427      0.843945  0.000500
112  0.027396  0.999622  0.761791      0.843945  0.000500
113  0.026938  0.999497  0.799582      0.842072  0.000500
114  0.034606  0.997609  0.780299      0.843945  0.000500
115  0.034916  0.997105  0.848747      0.842072  0.000500
116  0.033352  0.997483  0.745043      0.842697  0.000500
117  0.028362  0.999119  0.768984      0.843945  0.000500
118  0.027880  0.999622  0.815468      0.842072  0.000500
119  0.040657  0.994336  0.843291      0.841448  0.000500
120  0.036354  0.996224  0.770248      0.846442  0.000500
121  0.033746  0.996853  0.772405      0.846442  0.000500
122  0.031032  0.998364  0.813981      0.843321  0.000500
123  0.031169  0.997609  0.723204      0.847690  0.000500
124  0.028521  0.998741  0.667326      0.850187  0.000400
125  0.026463  0.999622  0.787121      0.841448  0.000400
126  0.024929  0.999874  0.803461      0.842072  0.000400
127  0.024584  0.999748  0.852380      0.843321  0.000400
128  0.024861  0.999874  0.832824      0.842072  0.000400
129  0.029208  0.997986  0.811563      0.842072  0.000400
130  0.029544  0.997860  0.843006      0.842697  0.000400
131  0.025178  0.999622  0.840024      0.843321  0.000400
132  0.023856  0.999748  0.835013      0.842697  0.000400
133  0.023482  0.999748  0.862534      0.843945  0.000400
134  0.023470  0.999748  0.865002      0.842697  0.000400
135  0.022886  0.999748  0.882794      0.843321  0.000400
136  0.022680  1.000000  0.869038      0.843321  0.000400
137  0.021818  1.000000  0.877548      0.842697  0.000400
138  0.024147  0.999119  0.868548      0.842072  0.000400
139  0.023368  0.999497  0.914759      0.841448  0.000400
140  0.023404  0.999497  0.829967      0.840200  0.000400
141  0.021893  0.999874  0.842756      0.838951  0.000400
142  0.021676  0.999874  0.931577      0.840824  0.000400
143  0.025620  0.997860  0.924910      0.824594  0.000400
144  0.022749  0.999245  0.814187      0.841448  0.000400
145  0.026542  0.998741  0.811311      0.840824  0.000400
146  0.027135  0.997860  0.764842      0.842072  0.000400
147  0.027058  0.997986  0.767017      0.842072  0.000400
148  0.023343  0.998993  0.775087      0.842072  0.000400
149  0.025654  0.998112  0.796994      0.842072  0.000400
150  0.022551  0.999119  0.777773      0.843945  0.000400
151  0.022577  0.998867  0.884821      0.841448  0.000400
152  0.022212  0.999119  0.818904      0.842072  0.000400
153  0.032529  0.995595  0.857711      0.843321  0.000320
154  0.026995  0.997231  0.784783      0.843945  0.000320
155  0.023089  0.999119  0.819643      0.843945  0.000320
156  0.024593  0.998238  0.868114      0.842697  0.000320
157  0.021509  0.999497  0.850483      0.842697  0.000320
158  0.020234  0.999874  0.884528      0.842072  0.000320
159  0.020295  0.999874  0.875028      0.842697  0.000320
160  0.027293  0.996979  0.916898      0.842072  0.000320
161  0.021433  0.999245  0.883919      0.843945  0.000320
162  0.021753  0.999245  0.923703      0.841448  0.000320
163  0.023374  0.998364  0.925614      0.841448  0.000320
164  0.020236  0.999748  0.882035      0.840824  0.000320
165  0.025719  0.997734  0.917108      0.840824  0.000320
166  0.021321  0.999622  0.884889      0.842072  0.000320
167  0.019788  0.999874  0.867620      0.841448  0.000320
168  0.020039  0.999497  0.849456      0.842072  0.000320
169  0.021818  0.998490  0.887652      0.843321  0.000320
170  0.020527  0.999497  0.900119      0.843321  0.000320
171  0.028639  0.997105  0.944456      0.842697  0.000320
172  0.021144  0.999497  0.924879      0.842697  0.000320
173  0.022954  0.998867  0.911782      0.841448  0.000320
174  0.022144  0.998993  0.856315      0.843945  0.000320
175  0.021109  0.998993  0.827731      0.845818  0.000320
176  0.020131  0.999622  0.868467      0.844569  0.000320
177  0.023040  0.998238  0.773315      0.850187  0.000320
178  0.022607  0.998741  0.902849      0.843321  0.000256
179  0.019589  0.999622  0.878726      0.843321  0.000256
180  0.019146  0.999874  0.872843      0.843945  0.000256
181  0.018908  0.999874  0.882685      0.843321  0.000256
182  0.018811  0.999874  0.894572      0.843321  0.000256
183  0.021502  0.999119  0.886680      0.843321  0.000256
184  0.018553  0.999748  0.801486      0.844569  0.000256
185  0.018685  0.999748  0.938332      0.842072  0.000256
186  0.018656  0.999622  0.869332      0.843945  0.000256
187  0.018240  1.000000  0.939746      0.843321  0.000256
188  0.023205  0.998238  0.986040      0.840824  0.000256
189  0.020770  0.998993  0.847377      0.844569  0.000256
190  0.018525  0.999622  0.908221      0.843321  0.000256
191  0.018638  0.999748  0.937393      0.842072  0.000256
192  0.021638  0.998364  0.873636      0.843945  0.000256
193  0.018322  0.999622  0.853286      0.842072  0.000256
194  0.018429  0.999748  0.891304      0.842072  0.000256
195  0.017170  1.000000  0.906090      0.842697  0.000256
196  0.017371  0.999874  0.971629      0.842072  0.000256
197  0.017431  0.999748  0.934034      0.841448  0.000256
198  0.017930  0.999622  0.948214      0.842072  0.000256
199  0.024925  0.997483  0.875015      0.842697  0.000256
200  0.021057  0.999245  0.828389      0.846442  0.000256
201  0.018195  0.999371  0.823766      0.847690  0.000256
202  0.017786  0.999874  0.893414      0.842072  0.000256
203  0.020337  0.998741  0.806947      0.848939  0.000256
204  0.021087  0.998238  0.944278      0.843321  0.000256
205  0.019989  0.999119  0.826288      0.843945  0.000256
206  0.018076  0.999622  0.886635      0.843945  0.000205
207  0.016929  0.999874  0.873143      0.843945  0.000205
208  0.016607  0.999874  0.853144      0.843321  0.000205
209  0.016762  0.999874  0.886710      0.843321  0.000205
210  0.019222  0.998741  0.763257      0.847690  0.000205
211  0.016449  1.000000  0.823110      0.847066  0.000205
212  0.016836  0.999748  0.881569      0.843321  0.000205
213  0.019053  0.998741  0.807033      0.845818  0.000205
214  0.016698  1.000000  0.870212      0.842697  0.000205
215  0.017267  0.999622  0.927415      0.842072  0.000205
216  0.015987  1.000000  0.907802      0.842072  0.000205
217  0.016976  0.999622  0.868356      0.843321  0.000205
218  0.016770  0.999748  1.001255      0.840200  0.000205
219  0.017732  0.999622  0.904178      0.844569  0.000205
220  0.017395  0.999497  0.875454      0.843945  0.000205
221  0.017004  0.999622  0.915014      0.842697  0.000205
222  0.016651  0.999874  0.953477      0.840824  0.000205
223  0.016544  0.999748  0.918379      0.842072  0.000205
224  0.016524  0.999874  0.893290      0.843945  0.000205
225  0.016000  0.999874  0.925198      0.842697  0.000205
226  0.016568  0.999874  0.932413      0.840824  0.000205
227  0.016313  0.999748  0.916934      0.841448  0.000164
228  0.015173  1.000000  0.927939      0.841448  0.000164
229  0.015359  0.999622  0.915333      0.840200  0.000164
230  0.015650  0.999622  0.894470      0.843945  0.000164
231  0.015022  0.999874  0.919848      0.840824  0.000164
232  0.014860  1.000000  0.898034      0.843321  0.000164
233  0.014596  1.000000  0.885695      0.844569  0.000164
234  0.014835  1.000000  0.881692      0.844569  0.000164
235  0.014446  1.000000  0.885307      0.842697  0.000164
236  0.014646  0.999874  0.866845      0.842697  0.000164
237  0.014220  1.000000  0.908850      0.840200  0.000164
238  0.014057  1.000000  0.901054      0.841448  0.000164
239  0.014114  1.000000  0.924920      0.841448  0.000164
240  0.013842  1.000000  0.903722      0.841448  0.000164
241  0.014464  0.999874  0.851212      0.845818  0.000164
242  0.013617  1.000000  0.925674      0.842072  0.000164
243  0.013683  1.000000  0.960385      0.840200  0.000164
244  0.013511  1.000000  0.931965      0.842697  0.000164
245  0.013442  1.000000  0.932473      0.842697  0.000164
246  0.013243  1.000000  0.906742      0.844569  0.000164
247  0.013062  1.000000  0.981963      0.843321  0.000164
248  0.012944  1.000000  0.913149      0.845194  0.000164
249  0.013398  0.999874  0.918377      0.842072  0.000164
250  0.012990  0.999874  0.936896      0.844569  0.000164
251  0.013145  0.999748  0.978572      0.843321  0.000164
252  0.012921  1.000000  0.919038      0.846442  0.000164
253  0.013684  0.999497  0.921576      0.844569  0.000164
254  0.013764  0.999497  0.921936      0.847066  0.000164
255  0.014360  0.999245  0.882399      0.849563  0.000164
256  0.016337  0.999119  0.935257      0.845194  0.000164
257  0.014906  0.999119  0.975849      0.842697  0.000164
258  0.013934  0.999371  0.908339      0.847066  0.000164
259  0.013044  0.999748  0.896309      0.848315  0.000131
260  0.012570  1.000000  0.883338      0.848939  0.000131
261  0.012686  0.999874  0.882450      0.847066  0.000131
262  0.012381  1.000000  0.886567      0.846442  0.000131
263  0.012570  0.999874  0.884738      0.848939  0.000131
264  0.012371  1.000000  0.898899      0.846442  0.000131
265  0.012808  0.999874  0.927167      0.843945  0.000131
266  0.012647  0.999748  0.881234      0.847066  0.000131
267  0.012081  1.000000  0.898308      0.846442  0.000131
268  0.011867  1.000000  0.901251      0.846442  0.000131
269  0.011897  1.000000  0.931374      0.845818  0.000131
270  0.011914  1.000000  0.929048      0.846442  0.000131
271  0.012476  0.999748  0.989420      0.842072  0.000131
272  0.011820  1.000000  0.956340      0.845194  0.000131
273  0.012954  0.999874  0.903461      0.844569  0.000131
274  0.012327  0.999748  0.968724      0.844569  0.000131
275  0.011652  1.000000  0.919886      0.845818  0.000131
276  0.011802  1.000000  0.933587      0.845818  0.000131
277  0.012202  0.999874  0.958527      0.844569  0.000131
278  0.012003  0.999874  0.915232      0.845818  0.000131
279  0.011823  0.999874  0.953648      0.845194  0.000131
280  0.011789  0.999874  0.911340      0.846442  0.000131
281  0.011359  1.000000  0.928000      0.843321  0.000131
282  0.011388  1.000000  0.921471      0.843321  0.000131
283  0.011326  1.000000  0.915109      0.843945  0.000131
284  0.011228  1.000000  0.878609      0.847690  0.000131
285  0.011168  1.000000  0.956160      0.843945  0.000131
286  0.011019  1.000000  0.914727      0.844569  0.000131
287  0.011171  1.000000  0.956158      0.843945  0.000131
288  0.011144  1.000000  0.928762      0.845818  0.000131
289  0.010960  1.000000  0.922568      0.845818  0.000131
290  0.010890  1.000000  0.912116      0.845818  0.000131
291  0.010850  1.000000  0.931054      0.843321  0.000131
292  0.013015  0.999497  0.915732      0.844569  0.000131
293  0.011973  0.999748  0.871205      0.845818  0.000131
294  0.012183  0.999497  0.856371      0.847066  0.000131
295  0.010804  1.000000  0.900155      0.845194  0.000131
296  0.010967  0.999874  0.856457      0.847066  0.000131
297  0.010654  1.000000  0.889901      0.845818  0.000131
298  0.010875  1.000000  0.880990      0.844569  0.000131
299  0.010712  1.000000  0.896110      0.844569  0.000131
300  0.011197  0.999874  0.909364      0.846442  0.000131
301  0.010806  0.999874  0.865550      0.847066  0.000131
302  0.010709  0.999874  0.882794      0.847066  0.000131
303  0.010407  1.000000  0.923806      0.846442  0.000131
304  0.010515  0.999874  0.906408      0.845818  0.000131
305  0.011657  0.999748  0.868938      0.845818  0.000131
306  0.013586  0.999245  0.772914      0.848315  0.000131
307  0.011849  0.999874  0.814246      0.847690  0.000131
308  0.011441  0.999748  0.892450      0.842072  0.000131
309  0.012133  0.999371  0.893820      0.847066  0.000131
310  0.011872  0.999371  0.834350      0.844569  0.000131
311  0.011188  0.999748  0.815585      0.848939  0.000131
312  0.011788  0.999497  0.988960      0.841448  0.000131
313  0.010806  0.999874  0.988463      0.842697  0.000131
314  0.010422  1.000000  0.942002      0.844569  0.000105
315  0.010147  1.000000  0.934141      0.844569  0.000105
316  0.010313  1.000000  0.901501      0.843945  0.000105
317  0.010947  0.999748  0.907501      0.847066  0.000105
318  0.010211  1.000000  0.913255      0.847066  0.000105
319  0.010459  0.999622  0.941740      0.844569  0.000105
320  0.010012  1.000000  0.923758      0.846442  0.000105
321  0.010011  1.000000  0.930644      0.845818  0.000105
322  0.010530  0.999874  0.976331      0.843321  0.000105
323  0.009933  1.000000  0.911632      0.847066  0.000105
324  0.009924  1.000000  0.936002      0.847066  0.000105
325  0.009992  1.000000  0.953185      0.844569  0.000105
326  0.009779  1.000000  0.954502      0.843321  0.000105
327  0.009678  1.000000  0.958236      0.843945  0.000105
328  0.009759  1.000000  0.928235      0.845818  0.000105

Model: "sequential_2"
_________________________________________________________________
Layer (type)                 Output Shape              Param #   
=================================================================
batch_normalization_9 (Batch (None, 192, 9)            36        
_________________________________________________________________
conv1d_26 (Conv1D)           (None, 192, 32)           896       
_________________________________________________________________
batch_normalization_10 (Batc (None, 192, 32)           128       
_________________________________________________________________
activation_6 (Activation)    (None, 192, 32)           0         
_________________________________________________________________
conv1d_27 (Conv1D)           (None, 192, 64)           6208      
_________________________________________________________________
batch_normalization_11 (Batc (None, 192, 64)           256       
_________________________________________________________________
activation_7 (Activation)    (None, 192, 64)           0         
_________________________________________________________________
conv1d_28 (Conv1D)           (None, 192, 32)           6176      
_________________________________________________________________
batch_normalization_12 (Batc (None, 192, 32)           128       
_________________________________________________________________
activation_8 (Activation)    (None, 192, 32)           0         
_________________________________________________________________
flatten (Flatten)            (None, 6144)              0         
_________________________________________________________________
dense_4 (Dense)              (None, 100)               614500    
_________________________________________________________________
activation_9 (Activation)    (None, 100)               0         
_________________________________________________________________
dense_5 (Dense)              (None, 2)                 202       
_________________________________________________________________
batch_normalization_13 (Batc (None, 2)                 8         
_________________________________________________________________
activation_10 (Activation)   (None, 2)                 0         
=================================================================
Total params: 628,538
Trainable params: 628,260
Non-trainable params: 278
_________________________________________________________________

+++Hyperparameters+++
Number of Epochs: 350
Batch Size: 64
Filters: [32, 64, 32]
Fc hidden nodes: 100
Learning rate: 0.0005
Regularization rate: 9.3e-05


Test Accuracy: 92.96740889549255
Test Loss: 0.27682051062583923



Classification Report
              precision    recall  f1-score   support

   No freeze       0.93      1.00      0.96      2165
      Freeze       0.57      0.07      0.13       167

    accuracy                           0.93      2332
   macro avg       0.75      0.53      0.55      2332
weighted avg       0.91      0.93      0.90      2332



Confusion Matrix
[[2156    9]
 [ 155   12]]


Normalised Confusion Matrix: True
           No freeze  Freeze
No freeze      99.58    0.42
Freeze         92.81    7.19


Finished working on: CNN at: 2021-02-10 19:38:38.672649 -> 832.318302154541

CNN_LSTM Model : 2021-02-10 19:52:47.498508
Model History 
         loss  accuracy  val_loss  val_accuracy        lr
0    0.317443  0.906986  0.959946      0.839576  0.000500
1    0.199921  0.924858  0.634314      0.838951  0.000500
2    0.165855  0.940214  0.395273      0.845194  0.000500
3    0.159919  0.939459  0.448951      0.839576  0.000500
4    0.151273  0.940843  0.516886      0.838327  0.000500
5    0.142475  0.945123  0.564910      0.839576  0.000500
6    0.135204  0.950661  0.346964      0.842697  0.000500
7    0.133546  0.949528  0.425668      0.844569  0.000500
8    0.122851  0.952801  0.531709      0.843945  0.000500
9    0.122151  0.953304  0.374134      0.853308  0.000500
10   0.111037  0.959346  0.441074      0.845818  0.000500
11   0.107532  0.960352  0.489995      0.848315  0.000500
12   0.099738  0.960604  0.994888      0.840824  0.000500
13   0.092886  0.966268  0.536688      0.842697  0.000500
14   0.091958  0.966897  0.428769      0.859551  0.000500
15   0.085093  0.967527  0.722625      0.850187  0.000500
16   0.074742  0.976337  0.819260      0.847066  0.000500
17   0.073571  0.973065  0.741801      0.846442  0.000500
18   0.062070  0.979484  1.230082      0.842697  0.000500
19   0.065609  0.979358  0.970305      0.850811  0.000500
20   0.057007  0.981498  1.131466      0.843321  0.000500
21   0.050119  0.985022  0.984117      0.847690  0.000500
22   0.055125  0.983512  1.136073      0.846442  0.000500
23   0.045672  0.987791  0.926601      0.847690  0.000500
24   0.043299  0.988295  1.049914      0.847066  0.000500
25   0.040297  0.988924  1.556014      0.845194  0.000500
26   0.042355  0.987036  1.280213      0.845194  0.000500
27   0.041198  0.989553  1.518174      0.841448  0.000500
28   0.035508  0.990560  1.984363      0.841448  0.000500
29   0.031854  0.991819  1.808923      0.841448  0.000500
30   0.031481  0.992322  1.306171      0.838327  0.000500
31   0.050697  0.986155  1.494464      0.847066  0.000500
32   0.036608  0.991945  1.185309      0.841448  0.000500
33   0.035789  0.990057  1.325175      0.843945  0.000500
34   0.030512  0.992070  1.636907      0.842072  0.000500
35   0.030463  0.992448  1.415022      0.845818  0.000500
36   0.026294  0.992952  1.641137      0.843945  0.000500
37   0.031521  0.992196  1.472830      0.848315  0.000500
38   0.036205  0.990812  1.634758      0.843945  0.000500
39   0.022772  0.994840  1.603776      0.845194  0.000500
40   0.023263  0.994588  1.896784      0.848315  0.000500
41   0.024701  0.992952  1.846153      0.842072  0.000500
42   0.025210  0.994084  1.701479      0.845818  0.000500
43   0.026607  0.993707  1.405225      0.848939  0.000500
44   0.027400  0.994084  1.673715      0.851436  0.000500
45   0.025920  0.993329  1.442234      0.851436  0.000500
46   0.023953  0.994210  1.716956      0.845194  0.000500
47   0.022534  0.994588  2.042315      0.845818  0.000500
48   0.023652  0.993958  1.581025      0.848939  0.000500
49   0.028350  0.992574  1.447539      0.847690  0.000500
50   0.034044  0.990686  1.493116      0.846442  0.000500
51   0.025177  0.993833  1.868138      0.842697  0.000500
52   0.020531  0.995217  1.896821      0.845818  0.000500
53   0.020842  0.994462  2.001841      0.846442  0.000500
54   0.018336  0.996224  1.871642      0.847690  0.000500
55   0.022289  0.994336  2.070988      0.843945  0.000500
56   0.019444  0.995217  1.935792      0.845818  0.000500
57   0.016363  0.996476  1.764941      0.847066  0.000500
58   0.019517  0.995595  1.898805      0.843945  0.000500
59   0.026923  0.993455  1.735968      0.844569  0.000500
60   0.022539  0.993455  1.894164      0.842072  0.000500
61   0.025905  0.993203  1.865116      0.842072  0.000500
62   0.015466  0.996098  1.645712      0.847690  0.000500
63   0.044954  0.987917  1.480562      0.843945  0.000500
64   0.019354  0.996728  1.540235      0.846442  0.000500
65   0.019629  0.994965  1.961382      0.841448  0.000500
66   0.013139  0.997357  2.565184      0.841448  0.000500
67   0.022389  0.995595  1.425897      0.845818  0.000500
68   0.019665  0.995721  1.423589      0.838327  0.000500
69   0.013167  0.997357  1.619437      0.848315  0.000500
70   0.014508  0.997105  1.758173      0.842697  0.000500
71   0.037793  0.989301  1.668204      0.844569  0.000500
72   0.022095  0.995091  1.572895      0.843321  0.000500
73   0.017332  0.996224  1.741939      0.842697  0.000500
74   0.018692  0.995595  1.474801      0.843945  0.000500
75   0.013189  0.997986  1.845637      0.843321  0.000500
76   0.015964  0.995595  1.615049      0.841448  0.000500
77   0.024124  0.993958  1.747052      0.840824  0.000400
78   0.016435  0.996224  1.615611      0.842072  0.000400
79   0.012167  0.997609  2.121471      0.841448  0.000400
80   0.013320  0.997231  1.595922      0.842697  0.000400
81   0.012698  0.997734  1.568518      0.848315  0.000400
82   0.012493  0.997860  1.686164      0.840824  0.000400
83   0.009230  0.998993  1.960445      0.840824  0.000400
84   0.012031  0.997734  1.605853      0.843945  0.000400
85   0.012004  0.998364  1.699718      0.840824  0.000400
86   0.012795  0.997483  1.737090      0.842697  0.000400
87   0.014656  0.996350  1.491484      0.842697  0.000400
88   0.012519  0.997357  2.076135      0.838951  0.000400
89   0.011630  0.997609  1.836299      0.838327  0.000400
90   0.012656  0.997483  2.082309      0.838951  0.000400
91   0.011247  0.997734  1.925205      0.839576  0.000400
92   0.013183  0.996602  1.825281      0.840200  0.000400
93   0.017484  0.996098  1.567893      0.841448  0.000400
94   0.012760  0.997483  1.547878      0.838327  0.000320
95   0.010766  0.998112  1.656399      0.842072  0.000320
96   0.012398  0.997609  1.878526      0.842072  0.000320
97   0.009058  0.998616  1.918823      0.841448  0.000320
98   0.008554  0.998741  1.863841      0.845194  0.000320
99   0.007730  0.998741  2.200383      0.841448  0.000320
100  0.008578  0.998867  2.169748      0.841448  0.000320
101  0.009422  0.997860  1.983953      0.841448  0.000320
102  0.008894  0.998490  2.137698      0.843321  0.000320
103  0.006302  0.999371  2.309272      0.842072  0.000320
104  0.007304  0.999371  2.192756      0.843321  0.000320
105  0.021907  0.994084  1.803195      0.843945  0.000320
106  0.011695  0.996979  1.787233      0.843945  0.000320
107  0.013607  0.996853  1.850399      0.843945  0.000320
108  0.013725  0.996728  1.747397      0.844569  0.000320
109  0.007874  0.998616  1.892608      0.846442  0.000320
110  0.010425  0.998364  1.866465      0.843321  0.000320
111  0.009465  0.998616  1.866536      0.844569  0.000320
112  0.008907  0.998364  1.946655      0.844569  0.000320
113  0.007822  0.998993  2.103940      0.843321  0.000320
114  0.005998  0.999371  2.119364      0.843321  0.000256
115  0.007181  0.998741  2.095054      0.847066  0.000256
116  0.006478  0.999371  2.126024      0.846442  0.000256
117  0.007104  0.998616  2.136375      0.847690  0.000256
118  0.007520  0.998741  2.112115      0.845194  0.000256
119  0.006435  0.998867  2.182489      0.843321  0.000256
120  0.007726  0.998741  2.250483      0.843321  0.000256
121  0.005646  0.999245  2.308301      0.845194  0.000256
122  0.007366  0.998616  2.290542      0.839576  0.000256
123  0.006898  0.998364  2.237886      0.840200  0.000256
124  0.010563  0.997231  1.917795      0.848939  0.000256
125  0.007556  0.998993  2.107186      0.848939  0.000256
126  0.007139  0.998616  2.302783      0.842072  0.000256
127  0.007269  0.998993  2.297014      0.842072  0.000256
128  0.006015  0.998867  2.151195      0.848939  0.000256
129  0.007623  0.998364  1.917197      0.849563  0.000256
130  0.007567  0.998741  2.098162      0.845194  0.000256
131  0.005755  0.999245  2.209798      0.845194  0.000256
132  0.006620  0.998741  2.016670      0.850811  0.000205
133  0.005794  0.999497  2.166060      0.848315  0.000205
134  0.005145  0.999371  2.105771      0.847690  0.000205
135  0.005420  0.999245  2.155900      0.846442  0.000205
136  0.007042  0.998741  2.002778      0.846442  0.000205
137  0.005444  0.999245  2.042551      0.846442  0.000205
138  0.006555  0.998993  1.947825      0.849563  0.000205
139  0.005409  0.999245  2.095962      0.846442  0.000205
140  0.006275  0.999371  2.119820      0.845194  0.000205
141  0.005238  0.999748  2.250314      0.844569  0.000205
142  0.005255  0.999371  2.131904      0.847066  0.000205
143  0.006370  0.999119  2.063640      0.847690  0.000205
144  0.006951  0.998616  2.196996      0.840200  0.000205
145  0.007062  0.998741  2.082303      0.843945  0.000164
146  0.006032  0.998867  2.021305      0.848939  0.000164
147  0.005823  0.999497  2.226265      0.842697  0.000164
148  0.005904  0.999119  2.249788      0.843321  0.000164
149  0.006539  0.998993  2.228968      0.843321  0.000164
150  0.003801  0.999874  2.232642      0.845194  0.000164
151  0.004428  0.999371  2.378207      0.840824  0.000164
152  0.004846  0.999245  2.342088      0.842072  0.000164
153  0.004999  0.999371  2.367981      0.840824  0.000164
154  0.005667  0.999245  2.220284      0.843321  0.000164
155  0.004641  0.999497  2.312655      0.842697  0.000164
156  0.004890  0.999371  2.272053      0.842697  0.000164
157  0.008831  0.997483  2.192902      0.845194  0.000164
158  0.006391  0.998993  2.348556      0.839576  0.000164
159  0.007265  0.998993  2.081917      0.840824  0.000164
160  0.005760  0.999245  2.136477      0.840824  0.000164
161  0.006068  0.998867  2.260502      0.838951  0.000131
162  0.005162  0.999497  2.261912      0.840824  0.000131
163  0.005711  0.998867  2.334090      0.839576  0.000131
164  0.004933  0.999371  2.269116      0.840824  0.000131
165  0.005889  0.998993  2.195233      0.842697  0.000131
166  0.007527  0.998364  1.891446      0.840200  0.000131
167  0.005492  0.999245  1.888840      0.842072  0.000131
168  0.004758  0.999497  1.922523      0.845194  0.000131
169  0.005427  0.999119  2.017154      0.841448  0.000131
170  0.004590  0.999497  1.883994      0.846442  0.000131
171  0.007003  0.998741  1.821134      0.845194  0.000105
172  0.004732  0.999622  1.833524      0.845194  0.000105
173  0.004913  0.998993  1.890513      0.844569  0.000105
174  0.005455  0.999371  1.944497      0.843321  0.000105
175  0.004261  0.999497  2.003891      0.841448  0.000105
176  0.004095  0.999748  2.093094      0.843321  0.000105
177  0.004728  0.999371  2.052538      0.842072  0.000105
178  0.003934  0.999622  2.072299      0.842697  0.000105
179  0.005373  0.998993  2.048946      0.842072  0.000105
180  0.005185  0.998993  2.032972      0.843321  0.000105
181  0.004026  0.999874  2.075920      0.843945  0.000100
182  0.004604  0.999622  2.029136      0.844569  0.000100
183  0.003852  0.999497  2.061091      0.842697  0.000100
184  0.004625  0.999748  2.080837      0.843945  0.000100
185  0.005518  0.999371  2.052036      0.843945  0.000100
186  0.005247  0.999371  2.096026      0.843321  0.000100
187  0.004071  0.999622  2.145193      0.842072  0.000100
188  0.005247  0.999119  2.051697      0.844569  0.000100
189  0.003845  0.999748  2.133970      0.845818  0.000100
190  0.003378  0.999874  2.160215      0.845818  0.000100
191  0.003289  0.999874  2.159179      0.845818  0.000100
192  0.004324  0.999371  2.135655      0.845194  0.000100
193  0.004541  0.999371  2.176946      0.845194  0.000100
194  0.004447  0.999497  2.126842      0.845194  0.000100
195  0.004562  0.999371  2.121192      0.846442  0.000100
196  0.003620  0.999497  2.150583      0.845818  0.000100
197  0.003959  0.999497  2.139173      0.845818  0.000100
198  0.005672  0.999119  2.107733      0.845818  0.000100
199  0.004160  0.999622  1.984399      0.844569  0.000100
200  0.004367  0.999497  2.055625      0.843945  0.000100
201  0.004335  0.999371  2.045967      0.843945  0.000100
202  0.004625  0.999245  2.065516      0.843945  0.000100
203  0.003297  0.999874  2.141665      0.843945  0.000100
204  0.004158  0.999371  2.036158      0.843945  0.000100
205  0.003950  0.999622  2.108820      0.843945  0.000100
206  0.004143  0.999245  2.140527      0.843945  0.000100
207  0.003629  0.999748  2.120542      0.843321  0.000100
208  0.003715  0.999748  2.147521      0.843321  0.000100
209  0.004186  0.999371  2.203677      0.843945  0.000100
210  0.003647  0.999622  2.179066      0.843945  0.000100
211  0.004094  0.999748  2.108851      0.843321  0.000100
212  0.004537  0.999497  2.063483      0.842697  0.000100
213  0.003615  0.999874  2.052023      0.843321  0.000100
214  0.003617  0.999497  2.070997      0.843945  0.000100
215  0.003528  0.999622  2.162555      0.844569  0.000100
216  0.004743  0.998867  2.180616      0.843321  0.000100
217  0.003913  0.999497  2.184787      0.843321  0.000100
218  0.003433  0.999748  2.206131      0.843321  0.000100
219  0.004574  0.999119  2.142334      0.843945  0.000100
220  0.003209  0.999874  2.153417      0.843945  0.000100
221  0.004272  0.999245  2.180344      0.843321  0.000100
222  0.003206  0.999874  2.203713      0.843321  0.000100
223  0.004403  0.999371  2.163288      0.843321  0.000100
224  0.007054  0.998867  1.919584      0.846442  0.000100
225  0.004142  0.999497  1.971030      0.847066  0.000100
226  0.003755  0.999622  1.885345      0.846442  0.000100
227  0.004217  0.999748  2.034899      0.845194  0.000100
228  0.003903  0.999748  2.045001      0.845818  0.000100
229  0.004672  0.999371  2.087595      0.845818  0.000100
230  0.005768  0.999245  1.937375      0.845818  0.000100
231  0.004376  0.999497  1.992426      0.846442  0.000100
232  0.003597  0.999748  2.045762      0.846442  0.000100
233  0.003023  0.999874  2.063530      0.845818  0.000100
234  0.003664  0.999622  2.067668      0.846442  0.000100
235  0.003267  0.999748  2.075559      0.846442  0.000100
236  0.003114  0.999874  2.086873      0.845818  0.000100
237  0.002878  0.999874  2.099525      0.845818  0.000100
238  0.003011  0.999874  2.111230      0.845818  0.000100
239  0.003701  0.999622  2.091004      0.845194  0.000100
240  0.003463  0.999622  2.127238      0.845194  0.000100
241  0.002887  1.000000  2.163751      0.847066  0.000100
242  0.002860  0.999874  2.177777      0.847066  0.000100
243  0.004636  0.999371  2.071702      0.846442  0.000100
244  0.004753  0.998993  2.171350      0.844569  0.000100
245  0.003621  0.999622  2.155581      0.845194  0.000100
246  0.003414  0.999497  2.221629      0.844569  0.000100
247  0.003163  0.999748  2.064558      0.846442  0.000100
248  0.003130  0.999748  2.102993      0.846442  0.000100
249  0.004340  0.999245  2.161837      0.845194  0.000100
250  0.004741  0.999119  2.202385      0.842697  0.000100
251  0.004460  0.999371  2.017124      0.845818  0.000100
252  0.003055  0.999748  2.066200      0.845194  0.000100
253  0.004140  0.999497  2.011473      0.846442  0.000100
254  0.003278  0.999622  2.055358      0.847066  0.000100
255  0.002913  0.999874  2.067256      0.847066  0.000100
256  0.003455  0.999497  2.153538      0.845194  0.000100
257  0.003114  0.999622  2.138197      0.845194  0.000100
258  0.003061  0.999748  2.168730      0.845194  0.000100
259  0.003017  0.999874  2.161298      0.845194  0.000100
260  0.002852  0.999874  2.208333      0.844569  0.000100
261  0.002956  0.999748  2.221442      0.845818  0.000100
262  0.003305  0.999497  2.107117      0.847066  0.000100
263  0.004054  0.999622  2.044721      0.846442  0.000100
264  0.003163  0.999622  2.153974      0.845194  0.000100
265  0.003309  0.999748  2.132490      0.845818  0.000100
266  0.002587  0.999874  2.189340      0.844569  0.000100
267  0.003770  0.999371  2.211881      0.843945  0.000100
268  0.003488  0.999748  2.052911      0.845194  0.000100
269  0.002486  1.000000  2.100391      0.846442  0.000100
270  0.003294  0.999748  2.041649      0.845194  0.000100
271  0.002811  0.999874  2.107869      0.844569  0.000100
272  0.003935  0.999371  2.310250      0.840200  0.000100
273  0.003132  0.999748  2.166224      0.843945  0.000100
274  0.003638  0.999748  2.149757      0.843321  0.000100
275  0.003121  0.999622  2.140070      0.844569  0.000100
276  0.003668  0.999748  2.047778      0.845818  0.000100
277  0.003029  0.999748  2.026110      0.846442  0.000100
278  0.004062  0.999497  1.969892      0.847066  0.000100
279  0.003763  0.999748  2.066479      0.845818  0.000100
280  0.003603  0.999497  2.103568      0.843945  0.000100
281  0.004175  0.999371  2.115987      0.840824  0.000100
282  0.003914  0.999622  2.076108      0.842697  0.000100
283  0.002872  0.999874  2.118020      0.842072  0.000100
284  0.002860  0.999874  2.100978      0.843321  0.000100
285  0.006668  0.999245  1.956554      0.843321  0.000100
286  0.003650  0.999497  1.633949      0.843321  0.000100
287  0.003052  0.999874  1.683265      0.842072  0.000100
288  0.003415  0.999874  1.727536      0.842697  0.000100
289  0.003224  0.999748  1.743948      0.843321  0.000100
290  0.005753  0.999245  1.723527      0.843321  0.000100
291  0.003572  0.999748  1.497455      0.843321  0.000100
292  0.002772  1.000000  1.587318      0.842697  0.000100
293  0.002852  0.999874  1.646375      0.843321  0.000100
294  0.002711  0.999874  1.664642      0.842697  0.000100
295  0.003236  0.999622  1.631827      0.844569  0.000100
296  0.002842  0.999874  1.678453      0.843321  0.000100
297  0.002956  0.999748  1.708736      0.842697  0.000100
298  0.002906  0.999748  1.748363      0.842697  0.000100
299  0.003518  0.999371  1.725409      0.844569  0.000100
300  0.003144  0.999874  1.705559      0.843945  0.000100
301  0.002885  0.999874  1.782993      0.843321  0.000100
302  0.003057  0.999748  1.787000      0.843945  0.000100
303  0.003463  0.999622  1.810055      0.845194  0.000100
304  0.003712  0.999748  1.812427      0.843321  0.000100
305  0.003181  0.999748  1.814218      0.843945  0.000100
306  0.002409  1.000000  1.827611      0.843945  0.000100

Model: "sequential_3"
_________________________________________________________________
Layer (type)                 Output Shape              Param #   
=================================================================
reshape (Reshape)            (None, 3, 64, 9)          0         
_________________________________________________________________
batch_normalization_14 (Batc (None, 3, 64, 9)          36        
_________________________________________________________________
time_distributed (TimeDistri (None, 3, 64, 32)         896       
_________________________________________________________________
time_distributed_1 (TimeDist (None, 3, 60, 64)         10304     
_________________________________________________________________
time_distributed_2 (TimeDist (None, 3, 30, 64)         0         
_________________________________________________________________
time_distributed_3 (TimeDist (None, 3, 26, 64)         20544     
_________________________________________________________________
time_distributed_4 (TimeDist (None, 3, 24, 32)         6176      
_________________________________________________________________
time_distributed_5 (TimeDist (None, 3, 12, 32)         0         
_________________________________________________________________
time_distributed_6 (TimeDist (None, 3, 384)            0         
_________________________________________________________________
lstm_3 (LSTM)                (None, 3, 512)            1837056   
_________________________________________________________________
lstm_4 (LSTM)                (None, 512)               2099200   
_________________________________________________________________
dropout_1 (Dropout)          (None, 512)               0         
_________________________________________________________________
dense_6 (Dense)              (None, 100)               51300     
_________________________________________________________________
dense_7 (Dense)              (None, 2)                 202       
=================================================================
Total params: 4,025,714
Trainable params: 4,025,696
Non-trainable params: 18
_________________________________________________________________

+++Hyperparameters+++
Number of Epochs: 350
Batch Size: 64
N hidden: 512
N steps: 3
Length: 64
N signals: 9
Learning rate: 0.0005
Cnn depth: 3
Lstm depth: 2
Regularization rate: 9.3e-05


Test Accuracy: 92.96740889549255
Test Loss: 0.255842924118042



Classification Report
              precision    recall  f1-score   support

   No freeze       0.93      1.00      0.96      2165
      Freeze       0.67      0.04      0.07       167

    accuracy                           0.93      2332
   macro avg       0.80      0.52      0.52      2332
weighted avg       0.91      0.93      0.90      2332



Confusion Matrix
[[2162    3]
 [ 161    6]]


Normalised Confusion Matrix: True
           No freeze  Freeze
No freeze      99.86    0.14
Freeze         96.41    3.59


Finished working on: CNN_LSTM at: 2021-02-10 19:52:49.720681 -> 851.0480327606201

vLSTM Model : 2021-02-10 20:06:11.336829
Model History 
         loss  accuracy  val_loss  val_accuracy        lr
0    0.347578  0.875519  0.535037      0.839576  0.000500
1    0.230250  0.913027  0.452106      0.839576  0.000500
2    0.220190  0.915922  0.414208      0.839576  0.000500
3    0.237968  0.914034  0.473127      0.839576  0.000500
4    0.224594  0.914034  0.490859      0.839576  0.000500
5    0.203726  0.919194  0.452011      0.838951  0.000500
6    0.209761  0.921334  0.512462      0.839576  0.000500
7    0.198036  0.920327  0.464996      0.837703  0.000500
8    0.226107  0.918817  0.459153      0.839576  0.000500
9    0.214987  0.918062  0.409173      0.839576  0.000500
10   0.208626  0.914663  0.442817      0.839576  0.000500
11   0.190224  0.926746  0.423912      0.839576  0.000500
12   0.201203  0.912775  0.421178      0.840200  0.000500
13   0.205286  0.913782  0.341648      0.838327  0.000500
14   0.208875  0.913656  0.338096      0.838951  0.000500
15   0.206489  0.913656  0.396631      0.838951  0.000500
16   0.198448  0.915167  0.364537      0.837079  0.000500
17   0.200035  0.916048  0.347383      0.843945  0.000500
18   0.204434  0.916803  0.427691      0.838327  0.000500
19   0.213574  0.916677  0.387042      0.838327  0.000500
20   0.196379  0.916551  0.376931      0.838951  0.000500
21   0.191201  0.918313  0.392168      0.838951  0.000500
22   0.187856  0.919824  0.455186      0.840200  0.000400
23   0.176280  0.926243  0.531169      0.840824  0.000400
24   0.181552  0.924984  0.367800      0.847066  0.000400
25   0.180545  0.927376  0.401244      0.841448  0.000400
26   0.178267  0.924229  0.465167      0.846442  0.000400
27   0.202108  0.911013  0.427708      0.839576  0.000400
28   0.197863  0.914034  0.522121      0.838951  0.000400
29   0.197179  0.919572  0.544136      0.840200  0.000400
30   0.184688  0.923726  0.609858      0.844569  0.000400
31   0.205469  0.912775  0.452685      0.839576  0.000400
32   0.196176  0.918817  0.477854      0.840824  0.000400
33   0.228605  0.918691  0.416262      0.838327  0.000400
34   0.213587  0.915167  0.417765      0.838327  0.000320
35   0.204837  0.917432  0.436848      0.833333  0.000320
36   0.196416  0.916677  0.443201      0.838951  0.000320
37   0.188270  0.920579  0.507041      0.838951  0.000320
38   0.187028  0.920705  0.492682      0.837703  0.000320
39   0.187948  0.920579  0.438981      0.842072  0.000320
40   0.178555  0.918062  0.529291      0.843945  0.000320
41   0.172338  0.926243  0.491766      0.842072  0.000320
42   0.173512  0.930522  0.453125      0.841448  0.000320
43   0.178372  0.925865  0.498584      0.843321  0.000320
44   0.168876  0.930522  0.558285      0.839576  0.000320
45   0.172755  0.922341  0.568464      0.840824  0.000320
46   0.167536  0.931278  0.484376      0.840200  0.000320
47   0.172875  0.926243  0.492855      0.840200  0.000320
48   0.165799  0.925362  0.496292      0.841448  0.000320
49   0.164807  0.933543  0.531664      0.840200  0.000320
50   0.157693  0.936941  0.551966      0.841448  0.000320
51   0.182177  0.921460  0.398868      0.839576  0.000320
52   0.184941  0.924481  0.534384      0.839576  0.000320
53   0.165037  0.928886  0.509413      0.842072  0.000320
54   0.171060  0.930522  0.578374      0.838327  0.000320
55   0.171159  0.928257  0.606760      0.842697  0.000320
56   0.170918  0.930648  0.506876      0.846442  0.000320
57   0.165614  0.926117  0.562547      0.842697  0.000320
58   0.161043  0.936060  0.440756      0.843945  0.000320
59   0.176158  0.931026  0.409228      0.845194  0.000320
60   0.183889  0.924607  0.477732      0.845194  0.000320
61   0.175756  0.923600  0.454572      0.843945  0.000256
62   0.173132  0.924103  0.546125      0.841448  0.000256
63   0.167620  0.923977  0.565119      0.843945  0.000256
64   0.167476  0.927753  0.518095      0.845818  0.000256
65   0.164271  0.924858  0.496195      0.831461  0.000256
66   0.180418  0.908999  0.504670      0.840200  0.000256
67   0.177701  0.918565  0.452242      0.840200  0.000256
68   0.170895  0.920831  0.497713      0.844569  0.000256
69   0.169852  0.921460  0.587778      0.840824  0.000256
70   0.173319  0.923348  0.470494      0.839576  0.000256
71   0.167148  0.926117  0.448425      0.843945  0.000205
72   0.162135  0.928131  0.454871      0.843945  0.000205
73   0.161018  0.930145  0.462364      0.845194  0.000205
74   0.158683  0.929767  0.459432      0.845194  0.000205
75   0.154683  0.931907  0.450649      0.845194  0.000205
76   0.158098  0.929893  0.427266      0.842697  0.000205
77   0.160363  0.928634  0.435839      0.843945  0.000205
78   0.160443  0.926872  0.428016      0.842697  0.000205
79   0.153700  0.930774  0.460265      0.840824  0.000205
80   0.160170  0.928760  0.445769      0.840200  0.000205
81   0.162909  0.928005  0.430584      0.840200  0.000205
82   0.155602  0.930774  0.422839      0.843945  0.000205
83   0.154158  0.932284  0.421811      0.844569  0.000205
84   0.153576  0.932662  0.435764      0.838951  0.000205
85   0.161380  0.927250  0.416233      0.838951  0.000205
86   0.157834  0.929264  0.394302      0.840824  0.000205
87   0.156520  0.932159  0.382955      0.842072  0.000205
88   0.148395  0.933921  0.395132      0.845818  0.000205
89   0.150773  0.935935  0.388759      0.843321  0.000205
90   0.148954  0.934047  0.411076      0.848939  0.000205
91   0.146922  0.936060  0.440468      0.847066  0.000205
92   0.151891  0.935683  0.420822      0.846442  0.000205
93   0.149882  0.933291  0.415153      0.848315  0.000205
94   0.147964  0.933669  0.436797      0.847066  0.000205
95   0.149914  0.935809  0.433608      0.841448  0.000205
96   0.148179  0.936312  0.417504      0.841448  0.000205
97   0.144010  0.937571  0.436922      0.839576  0.000205
98   0.142394  0.938704  0.385956      0.844569  0.000205
99   0.139286  0.940843  0.418509      0.842697  0.000205
100  0.138979  0.941724  0.426967      0.843321  0.000205
101  0.143272  0.938200  0.419274      0.843321  0.000205
102  0.137069  0.943738  0.355935      0.845194  0.000205
103  0.146220  0.935305  0.433512      0.843321  0.000205
104  0.141967  0.939962  0.407735      0.843945  0.000205
105  0.157108  0.929893  0.496345      0.845818  0.000205
106  0.152208  0.936312  0.420642      0.847066  0.000205
107  0.140897  0.940088  0.431352      0.848315  0.000205
108  0.136510  0.942731  0.415054      0.844569  0.000205
109  0.139079  0.939459  0.360089      0.842072  0.000205
110  0.162550  0.921460  0.422061      0.846442  0.000205
111  0.151598  0.933543  0.433566      0.845194  0.000205
112  0.157419  0.932410  0.372094      0.863296  0.000205
113  0.165481  0.925362  0.397920      0.851436  0.000205
114  0.155452  0.935557  0.381046      0.859551  0.000205
115  0.138847  0.941598  0.424303      0.855805  0.000205
116  0.140277  0.943361  0.465041      0.853308  0.000205
117  0.135855  0.943738  0.397607      0.857678  0.000205
118  0.139662  0.942354  0.395856      0.858302  0.000205
119  0.134670  0.942102  0.431316      0.857678  0.000205
120  0.144041  0.935809  0.341365      0.853933  0.000205
121  0.183353  0.928760  0.504235      0.841448  0.000205
122  0.177918  0.933417  0.481044      0.846442  0.000205
123  0.171467  0.932033  0.453554      0.845194  0.000205
124  0.180821  0.930396  0.371105      0.839576  0.000205
125  0.181785  0.927627  0.367983      0.838327  0.000205
126  0.177001  0.930271  0.375252      0.838327  0.000205
127  0.176011  0.929264  0.357306      0.838951  0.000205
128  0.177594  0.928257  0.353347      0.840824  0.000205
129  0.167213  0.930522  0.354429      0.843945  0.000205
130  0.171581  0.932159  0.370141      0.839576  0.000164
131  0.180931  0.923474  0.356946      0.842072  0.000164
132  0.169593  0.930271  0.380888      0.842697  0.000164
133  0.174471  0.926117  0.374820      0.847066  0.000164
134  0.166646  0.929264  0.379940      0.844569  0.000164
135  0.162690  0.934047  0.376610      0.845194  0.000164
136  0.156787  0.935557  0.398975      0.845194  0.000164
137  0.159383  0.934802  0.381821      0.843945  0.000164
138  0.169044  0.930396  0.364503      0.846442  0.000164
139  0.161230  0.929767  0.369975      0.843945  0.000164
140  0.153837  0.932662  0.370141      0.845818  0.000131
141  0.155650  0.931026  0.378051      0.846442  0.000131
142  0.154260  0.934676  0.379151      0.846442  0.000131
143  0.155389  0.935431  0.380306      0.846442  0.000131
144  0.153941  0.935557  0.367090      0.847690  0.000131
145  0.147452  0.939333  0.387153      0.847066  0.000131
146  0.153719  0.934172  0.377638      0.842697  0.000131
147  0.150622  0.938704  0.398008      0.843945  0.000131
148  0.154576  0.933040  0.364001      0.844569  0.000131
149  0.152775  0.935053  0.385051      0.843945  0.000131
150  0.160600  0.932033  0.410242      0.838951  0.000105
151  0.163786  0.930648  0.378084      0.839576  0.000105
152  0.175465  0.923977  0.355769      0.838951  0.000105
153  0.177896  0.925236  0.357245      0.838951  0.000105
154  0.170637  0.925991  0.358576      0.839576  0.000105
155  0.170776  0.926117  0.347267      0.838951  0.000105
156  0.172339  0.927502  0.346452      0.838951  0.000105
157  0.171633  0.927124  0.345925      0.839576  0.000105
158  0.169207  0.927376  0.344629      0.839576  0.000105
159  0.173989  0.925865  0.354605      0.840200  0.000105
160  0.188625  0.924984  0.350033      0.839576  0.000100
161  0.182946  0.923474  0.346844      0.839576  0.000100
162  0.178151  0.924355  0.351437      0.838327  0.000100
163  0.179357  0.922215  0.356808      0.838327  0.000100
164  0.177938  0.922467  0.363529      0.838327  0.000100
165  0.179449  0.920831  0.359770      0.839576  0.000100
166  0.182745  0.923222  0.367178      0.838951  0.000100
167  0.180672  0.924355  0.365636      0.838951  0.000100
168  0.184432  0.922215  0.350185      0.838951  0.000100
169  0.179410  0.923348  0.360267      0.838951  0.000100
170  0.178501  0.923851  0.355501      0.839576  0.000100
171  0.174884  0.925362  0.361009      0.838951  0.000100
172  0.179478  0.925236  0.369084      0.838327  0.000100
173  0.178917  0.922467  0.371004      0.838327  0.000100
174  0.198085  0.921082  0.391829      0.838327  0.000100
175  0.194512  0.921712  0.394648      0.837703  0.000100
176  0.189102  0.920957  0.388153      0.837703  0.000100
177  0.185634  0.921208  0.383341      0.837703  0.000100
178  0.183763  0.923096  0.357986      0.838951  0.000100
179  0.175813  0.923600  0.366899      0.839576  0.000100
180  0.193258  0.922467  0.330868      0.840824  0.000100
181  0.186530  0.922593  0.349013      0.840200  0.000100
182  0.186779  0.920705  0.352092      0.840200  0.000100
183  0.185222  0.920831  0.350878      0.839576  0.000100
184  0.178491  0.922341  0.352101      0.839576  0.000100
185  0.178312  0.923348  0.355402      0.838951  0.000100
186  0.177022  0.922593  0.357600      0.838951  0.000100
187  0.173849  0.924229  0.362006      0.838951  0.000100
188  0.176257  0.923600  0.368625      0.838951  0.000100
189  0.175124  0.922467  0.363662      0.838951  0.000100
190  0.174503  0.922719  0.359185      0.838951  0.000100
191  0.175143  0.924103  0.354166      0.838951  0.000100
192  0.176885  0.920957  0.349103      0.839576  0.000100
193  0.178976  0.925236  0.353493      0.839576  0.000100
194  0.174849  0.923222  0.353789      0.839576  0.000100
195  0.174951  0.924229  0.357708      0.839576  0.000100
196  0.174020  0.922719  0.360274      0.839576  0.000100
197  0.171501  0.923600  0.365156      0.839576  0.000100
198  0.169668  0.925362  0.367348      0.839576  0.000100
199  0.167472  0.926998  0.373020      0.839576  0.000100
200  0.172968  0.925739  0.362650      0.839576  0.000100
201  0.171569  0.922215  0.361941      0.839576  0.000100
202  0.168606  0.927879  0.366504      0.839576  0.000100
203  0.166732  0.926872  0.357306      0.838951  0.000100
204  0.167931  0.925739  0.368085      0.839576  0.000100
205  0.165015  0.928005  0.375193      0.839576  0.000100
206  0.164944  0.927124  0.350179      0.840200  0.000100
207  0.167774  0.930396  0.366291      0.840200  0.000100
208  0.163681  0.930271  0.367150      0.839576  0.000100
209  0.163600  0.928257  0.388419      0.838951  0.000100
210  0.161215  0.929264  0.371275      0.839576  0.000100
211  0.178419  0.925488  0.407120      0.840200  0.000100
212  0.168477  0.931403  0.385813      0.840200  0.000100
213  0.163395  0.930145  0.367934      0.839576  0.000100
214  0.160765  0.929893  0.386245      0.840200  0.000100
215  0.161045  0.928760  0.386034      0.840200  0.000100
216  0.161222  0.930522  0.365195      0.840200  0.000100
217  0.158588  0.929138  0.353726      0.840824  0.000100
218  0.153900  0.933165  0.385761      0.839576  0.000100
219  0.159544  0.930900  0.373235      0.839576  0.000100
220  0.157198  0.930271  0.361836      0.841448  0.000100
221  0.156353  0.933669  0.353686      0.841448  0.000100
222  0.152873  0.934298  0.360330      0.840824  0.000100
223  0.153914  0.932536  0.348563      0.842697  0.000100
224  0.155600  0.933669  0.344815      0.843945  0.000100
225  0.155039  0.931907  0.358720      0.840200  0.000100
226  0.156312  0.933543  0.349445      0.843945  0.000100
227  0.151598  0.936060  0.345592      0.845194  0.000100
228  0.152847  0.935053  0.352457      0.844569  0.000100
229  0.150869  0.934928  0.377862      0.842697  0.000100
230  0.151279  0.933669  0.375963      0.843945  0.000100
231  0.154587  0.933543  0.370945      0.843945  0.000100
232  0.159084  0.933417  0.398468      0.842072  0.000100
233  0.152655  0.936060  0.347260      0.847690  0.000100
234  0.158611  0.928005  0.407299      0.841448  0.000100
235  0.151308  0.933417  0.373715      0.844569  0.000100
236  0.148021  0.937445  0.462289      0.842072  0.000100
237  0.147381  0.935935  0.388285      0.843945  0.000100
238  0.150028  0.938074  0.426571      0.841448  0.000100
239  0.142545  0.937571  0.407034      0.842072  0.000100
240  0.146775  0.935179  0.387335      0.843945  0.000100
241  0.146577  0.937571  0.379070      0.843945  0.000100
242  0.145051  0.940214  0.410341      0.841448  0.000100
243  0.144139  0.937823  0.412459      0.841448  0.000100
244  0.141023  0.940843  0.420078      0.842072  0.000100
245  0.141930  0.940843  0.422916      0.840824  0.000100
246  0.140750  0.942605  0.432611      0.842072  0.000100
247  0.171974  0.920076  0.427249      0.844569  0.000100
248  0.161479  0.930145  0.394262      0.845818  0.000100
249  0.151635  0.932536  0.415622      0.844569  0.000100
250  0.148221  0.935683  0.521483      0.843321  0.000100
251  0.151886  0.936564  0.453361      0.843321  0.000100
252  0.151197  0.938955  0.483338      0.843321  0.000100
253  0.152571  0.939081  0.424382      0.842697  0.000100
254  0.150945  0.936312  0.463738      0.843945  0.000100
255  0.146110  0.939710  0.431863      0.842697  0.000100
256  0.148632  0.936941  0.394288      0.843321  0.000100
257  0.141615  0.943109  0.483492      0.843321  0.000100
258  0.143537  0.937948  0.428821      0.842697  0.000100
259  0.137807  0.941598  0.366539      0.845194  0.000100
260  0.141503  0.941724  0.429873      0.842697  0.000100
261  0.136857  0.946759  0.507491      0.842697  0.000100
262  0.135764  0.945123  0.459488      0.842072  0.000100
263  0.140623  0.944116  0.439046      0.843321  0.000100
264  0.138674  0.945374  0.466825      0.842072  0.000100
265  0.141524  0.943361  0.410767      0.843321  0.000100
266  0.135611  0.945249  0.452550      0.841448  0.000100
267  0.135610  0.944493  0.455006      0.842072  0.000100
268  0.144495  0.941473  0.380192      0.840824  0.000100
269  0.134452  0.944116  0.407410      0.843321  0.000100
270  0.151102  0.931026  0.514086      0.840200  0.000100
271  0.141496  0.939836  0.390948      0.843321  0.000100
272  0.137710  0.941473  0.385677      0.850811  0.000100
273  0.136386  0.940592  0.389888      0.848939  0.000100
274  0.135374  0.942857  0.388856      0.844569  0.000100
275  0.144316  0.937319  0.409120      0.843945  0.000100
276  0.135801  0.945752  0.399202      0.845194  0.000100
277  0.125935  0.949780  0.366215      0.845194  0.000100
278  0.134453  0.945249  0.430207      0.844569  0.000100
279  0.132328  0.946507  0.357673      0.850187  0.000100
280  0.140586  0.939207  0.471238      0.841448  0.000100
281  0.134065  0.944619  0.384732      0.851436  0.000100
282  0.153774  0.926872  0.492546      0.839576  0.000100
283  0.142808  0.939333  0.413813      0.845194  0.000100
284  0.144628  0.933291  0.416720      0.842072  0.000100
285  0.137896  0.938200  0.523736      0.840200  0.000100
286  0.173319  0.931278  0.374390      0.841448  0.000100
287  0.140328  0.940969  0.396516      0.841448  0.000100
288  0.139824  0.943235  0.382120      0.843321  0.000100
289  0.137183  0.944745  0.391340      0.843945  0.000100
290  0.134277  0.946507  0.362895      0.847690  0.000100
291  0.136635  0.942857  0.385992      0.847690  0.000100
292  0.128887  0.947011  0.312975      0.860175  0.000100
293  0.131341  0.946004  0.334261      0.859551  0.000100
294  0.132182  0.944116  0.366127      0.849563  0.000100
295  0.132697  0.942102  0.375947      0.850187  0.000100
296  0.133922  0.942354  0.368350      0.852060  0.000100
297  0.127909  0.945626  0.410665      0.848939  0.000100
298  0.129383  0.946885  0.356064      0.855181  0.000100
299  0.127369  0.945374  0.377970      0.854557  0.000100
300  0.123883  0.946256  0.405382      0.850187  0.000100
301  0.129088  0.945500  0.400666      0.848939  0.000100
302  0.132305  0.940969  0.337981      0.856429  0.000100
303  0.129988  0.946130  0.340994      0.861423  0.000100
304  0.129638  0.943612  0.453122      0.847066  0.000100
305  0.128835  0.947262  0.392472      0.853308  0.000100
306  0.123461  0.949276  0.285423      0.868290  0.000100
307  0.134879  0.941473  0.379564      0.855805  0.000100
308  0.140756  0.934802  0.550823      0.842072  0.000100
309  0.140843  0.939207  0.404468      0.848939  0.000100
310  0.129448  0.944493  0.386633      0.846442  0.000100
311  0.130063  0.945249  0.382695      0.847690  0.000100
312  0.130377  0.948773  0.386314      0.847066  0.000100
313  0.124308  0.948143  0.335393      0.852684  0.000100
314  0.124606  0.948269  0.363624      0.849563  0.000100
315  0.123362  0.948395  0.363320      0.852684  0.000100
316  0.125822  0.949150  0.343960      0.853933  0.000100
317  0.124079  0.947514  0.337820      0.855181  0.000100
318  0.145106  0.934802  0.316444      0.862672  0.000100
319  0.240889  0.870610  0.368232      0.838951  0.000100
320  0.176950  0.922341  0.368372      0.838951  0.000100
321  0.173453  0.922719  0.372730      0.838951  0.000100
322  0.166327  0.923851  0.375607      0.839576  0.000100
323  0.161041  0.926117  0.367180      0.838951  0.000100
324  0.156542  0.928509  0.391056      0.840200  0.000100
325  0.147596  0.933543  0.373025      0.842072  0.000100
326  0.145120  0.937193  0.405903      0.842072  0.000100
327  0.136682  0.940717  0.347420      0.842072  0.000100
328  0.135476  0.942228  0.382789      0.842697  0.000100
329  0.187688  0.932033  0.355071      0.839576  0.000100
330  0.167810  0.930522  0.347578      0.840200  0.000100
331  0.150759  0.935305  0.358106      0.841448  0.000100
332  0.146308  0.941976  0.490243      0.840824  0.000100
333  0.138770  0.941347  0.460761      0.840200  0.000100
334  0.130784  0.947640  0.415622      0.842697  0.000100
335  0.128003  0.946004  0.369085      0.841448  0.000100
336  0.122536  0.953304  0.471198      0.842697  0.000100
337  0.124567  0.948521  0.410228      0.842072  0.000100
338  0.125553  0.948395  0.472494      0.841448  0.000100
339  0.127515  0.944493  0.424324      0.842072  0.000100
340  0.126923  0.948143  0.423565      0.843321  0.000100
341  0.124809  0.949402  0.425199      0.843321  0.000100
342  0.121435  0.947137  0.442001      0.842697  0.000100
343  0.123995  0.949528  0.452920      0.843321  0.000100
344  0.125716  0.947011  0.417512      0.844569  0.000100
345  0.128077  0.946885  0.447636      0.843945  0.000100
346  0.120667  0.950283  0.450757      0.844569  0.000100
347  0.123951  0.949780  0.440416      0.843945  0.000100
348  0.123803  0.948773  0.390420      0.843945  0.000100
349  0.116518  0.950913  0.438475      0.843945  0.000100

Model: "sequential_4"
_________________________________________________________________
Layer (type)                 Output Shape              Param #   
=================================================================
batch_normalization_15 (Batc (None, 192, 9)            36        
_________________________________________________________________
lstm_5 (LSTM)                (None, 128)               70656     
_________________________________________________________________
dropout_2 (Dropout)          (None, 128)               0         
_________________________________________________________________
dense_8 (Dense)              (None, 100)               12900     
_________________________________________________________________
dense_9 (Dense)              (None, 2)                 202       
=================================================================
Total params: 83,794
Trainable params: 83,776
Non-trainable params: 18
_________________________________________________________________

+++Hyperparameters+++
Number of Epochs: 350
Batch Size: 64
N hidden: 128
Learning rate: 0.0005
Regularization rate: 9.3e-05


Test Accuracy: 93.22469830513
Test Loss: 0.2391945719718933



Classification Report
              precision    recall  f1-score   support

   No freeze       0.94      0.99      0.96      2165
      Freeze       0.64      0.13      0.21       167

    accuracy                           0.93      2332
   macro avg       0.79      0.56      0.59      2332
weighted avg       0.92      0.93      0.91      2332



Confusion Matrix
[[2153   12]
 [ 146   21]]


Normalised Confusion Matrix: True
           No freeze  Freeze
No freeze      99.45    0.55
Freeze         87.43   12.57


Finished working on: vLSTM at: 2021-02-10 20:06:13.395790 -> 803.6751091480255

iSPLInception Model : 2021-02-10 20:46:04.928798
Model History 
         loss  accuracy  val_loss  val_accuracy        lr
0    5.297643  0.891756  3.264132      0.839576  0.000500
1    2.112971  0.927250  1.876846      0.839576  0.000500
2    1.301441  0.937823  1.338476      0.840200  0.000500
3    0.922081  0.938452  1.006385      0.839576  0.000500
4    0.692490  0.939207  0.856056      0.839576  0.000500
5    0.520948  0.944997  0.656870      0.870786  0.000500
6    0.412489  0.948143  0.629112      0.841448  0.000500
7    0.337535  0.953304  0.455624      0.900125  0.000500
8    0.287123  0.953430  0.743288      0.839576  0.000500
9    0.251067  0.952675  0.488559      0.863296  0.000500
10   0.222683  0.954688  0.729839      0.839576  0.000500
11   0.204590  0.954814  0.472742      0.851436  0.000500
12   0.198104  0.954311  0.581826      0.840200  0.000500
13   0.180903  0.959597  0.439191      0.839576  0.000500
14   0.172878  0.958087  0.543802      0.844569  0.000500
15   0.175186  0.956451  0.351877      0.871411  0.000500
16   0.163405  0.958087  0.817766      0.842697  0.000500
17   0.157939  0.960101  0.428934      0.847690  0.000500
18   0.157087  0.959094  0.441215      0.845194  0.000500
19   0.157733  0.963121  0.501527      0.854557  0.000500
20   0.150884  0.964128  0.398974      0.852060  0.000500
21   0.146496  0.966520  0.474700      0.842072  0.000500
22   0.143611  0.964758  0.367457      0.867665  0.000500
23   0.136075  0.968408  0.566384      0.855805  0.000500
24   0.135537  0.967653  0.924969      0.842697  0.000500
25   0.143029  0.964506  0.390023      0.868290  0.000500
26   0.137176  0.966772  0.416784      0.845818  0.000500
27   0.124700  0.972184  0.709722      0.843945  0.000500
28   0.129723  0.968408  0.715876      0.841448  0.000500
29   0.119956  0.971680  0.591544      0.842072  0.000500
30   0.122560  0.970673  0.573891      0.840200  0.000500
31   0.116811  0.973946  0.547346      0.841448  0.000500
32   0.135613  0.968408  0.965414      0.847690  0.000500
33   0.125604  0.971806  0.917530      0.838951  0.000500
34   0.119455  0.973317  0.402887      0.855805  0.000500
35   0.127334  0.970422  1.114696      0.840200  0.000500
36   0.116014  0.974575  0.653675      0.849563  0.000500
37   0.111813  0.974575  1.321382      0.839576  0.000500
38   0.116224  0.973568  1.060867      0.838327  0.000500
39   0.139371  0.973820  0.952555      0.839576  0.000500
40   0.120016  0.975079  0.553709      0.841448  0.000500
41   0.110988  0.975834  0.781314      0.840824  0.000500
42   0.109653  0.976211  0.490893      0.868914  0.000500
43   0.107160  0.977093  0.660403      0.848939  0.000500
44   0.103895  0.978099  1.249360      0.838951  0.000500
45   0.103784  0.978477  0.485797      0.860175  0.000500
46   0.109592  0.977596  1.267893      0.840824  0.000500
47   0.101244  0.978980  0.632965      0.840200  0.000500
48   0.098597  0.979987  0.763876      0.836454  0.000500
49   0.106702  0.977344  0.995759      0.841448  0.000500
50   0.114132  0.976715  0.545260      0.845818  0.000500
51   0.105470  0.977218  0.973566      0.849563  0.000500
52   0.100709  0.978855  1.328364      0.839576  0.000500
53   0.098201  0.980491  1.009547      0.841448  0.000500
54   0.094006  0.980491  1.217785      0.840200  0.000500
55   0.096403  0.978099  0.708827      0.841448  0.000500
56   0.110030  0.978855  0.935899      0.838327  0.000500
57   0.099636  0.979106  0.974530      0.837703  0.000500
58   0.097131  0.979862  0.958292      0.794632  0.000500
59   0.097817  0.979106  0.760205      0.820849  0.000500
60   0.090280  0.983638  0.879094      0.841448  0.000500
61   0.093257  0.981120  1.279166      0.842072  0.000500
62   0.095128  0.982001  0.867674      0.840200  0.000500
63   0.094550  0.980994  2.191045      0.839576  0.000500
64   0.091086  0.983134  1.318823      0.839576  0.000500
65   0.089119  0.983386  0.933161      0.841448  0.000500
66   0.092679  0.981498  1.417911      0.839576  0.000500
67   0.083310  0.984519  1.005479      0.850811  0.000500
68   0.092278  0.981498  0.682840      0.850187  0.000500
69   0.096872  0.982001  0.623066      0.837079  0.000500
70   0.127741  0.975079  1.008082      0.837079  0.000500
71   0.096905  0.980994  0.865253      0.848315  0.000500
72   0.104447  0.978225  0.766308      0.846442  0.000500
73   0.091610  0.982127  0.968556      0.850811  0.000500
74   0.087600  0.983386  0.641121      0.843321  0.000500
75   0.085796  0.984896  1.364828      0.842697  0.000500
76   0.097847  0.980365  1.098899      0.842072  0.000500
77   0.094079  0.982001  0.836034      0.845818  0.000500
78   0.089453  0.982631  0.970414      0.851436  0.000400
79   0.081798  0.986281  0.460938      0.862672  0.000400
80   0.078191  0.987288  0.831945      0.843945  0.000400
81   0.079566  0.984896  0.703156      0.845818  0.000400
82   0.087645  0.982001  0.865736      0.851436  0.000400
83   0.081343  0.985651  0.720209      0.849563  0.000400
84   0.075313  0.987413  1.304667      0.845194  0.000400
85   0.074560  0.988295  0.883498      0.842072  0.000400
86   0.073496  0.987413  0.984883      0.840200  0.000400
87   0.073235  0.986910  1.146333      0.842697  0.000400
88   0.071706  0.987413  0.544430      0.838951  0.000400
89   0.072299  0.988798  0.855318      0.847066  0.000400
90   0.074014  0.988546  0.628747      0.850187  0.000400
91   0.075078  0.985022  0.584335      0.852684  0.000400
92   0.075408  0.985274  0.921059      0.846442  0.000400
93   0.072634  0.987791  1.518942      0.838327  0.000400
94   0.071743  0.986532  1.017629      0.783396  0.000400
95   0.088487  0.983889  1.110108      0.841448  0.000400
96   0.081745  0.985148  0.871376      0.848315  0.000400
97   0.076770  0.985400  1.101301      0.843321  0.000400
98   0.070953  0.987791  0.938708      0.853308  0.000400
99   0.080642  0.986029  0.983534      0.843321  0.000400
100  0.074461  0.988546  1.906877      0.843321  0.000400
101  0.070901  0.988672  1.276484      0.847690  0.000400
102  0.076179  0.987413  1.026496      0.840824  0.000400
103  0.076934  0.987791  1.019732      0.845818  0.000400
104  0.070372  0.989301  0.619165      0.856429  0.000400
105  0.085678  0.982505  1.008186      0.845818  0.000400
106  0.086379  0.984141  0.967110      0.843945  0.000400
107  0.082893  0.985022  0.531165      0.863920  0.000400
108  0.072491  0.989427  1.073431      0.842697  0.000400
109  0.067566  0.988546  1.295102      0.843321  0.000400
110  0.067899  0.990183  0.716809      0.860175  0.000400
111  0.067427  0.989805  0.735634      0.848315  0.000400
112  0.069230  0.988672  0.899884      0.843321  0.000400
113  0.068893  0.988546  0.629492      0.848939  0.000400
114  0.080824  0.985274  0.991858      0.839576  0.000400
115  0.069864  0.989931  1.281384      0.839576  0.000400
116  0.069179  0.988420  0.597111      0.853308  0.000400
117  0.071493  0.987917  0.929785      0.855181  0.000400
118  0.068643  0.989050  0.879036      0.847066  0.000400
119  0.066442  0.988546  1.301063      0.845194  0.000400
120  0.065953  0.990560  1.194370      0.849563  0.000400
121  0.066229  0.989931  0.915632      0.853933  0.000400
122  0.067594  0.989050  0.929882      0.856429  0.000400
123  0.067202  0.991945  0.994521      0.848939  0.000400
124  0.068947  0.988798  0.498101      0.837079  0.000400
125  0.072297  0.987665  1.208448      0.840824  0.000400
126  0.070964  0.989427  0.519080      0.855181  0.000400
127  0.070522  0.987791  0.882258      0.848315  0.000400
128  0.064595  0.990057  1.121731      0.847690  0.000400
129  0.065215  0.990434  1.375849      0.848315  0.000400
130  0.063820  0.991064  0.691696      0.849563  0.000400
131  0.064971  0.989301  0.863196      0.855805  0.000400
132  0.060670  0.991693  0.943953      0.846442  0.000400
133  0.067768  0.988924  0.882580      0.844569  0.000400
134  0.061064  0.989427  0.635728      0.855805  0.000400
135  0.062303  0.989931  0.916383      0.850811  0.000400
136  0.059525  0.990308  0.866470      0.847066  0.000400
137  0.064159  0.989176  0.834283      0.852060  0.000400
138  0.080593  0.984896  0.597209      0.828340  0.000400
139  0.069994  0.988420  1.087258      0.856429  0.000400
140  0.066811  0.989176  0.827329      0.848939  0.000400
141  0.061947  0.990057  1.143953      0.843321  0.000400
142  0.061226  0.990057  0.649399      0.832085  0.000400
143  0.065738  0.989679  0.937966      0.777154  0.000400
144  0.062884  0.991064  1.143081      0.843321  0.000400
145  0.064996  0.989427  1.293436      0.842697  0.000400
146  0.062619  0.989050  1.420111      0.842697  0.000400
147  0.054333  0.993581  1.017866      0.845194  0.000320
148  0.059172  0.990812  0.801171      0.851436  0.000320
149  0.065580  0.989301  0.619749      0.854557  0.000320
150  0.063955  0.990308  1.355733      0.839576  0.000320
151  0.060612  0.991189  0.982894      0.845818  0.000320
152  0.059939  0.990686  0.833065      0.848315  0.000320
153  0.056637  0.991819  1.276308      0.843321  0.000320
154  0.057009  0.991945  0.660408      0.856429  0.000320
155  0.061583  0.990183  0.682366      0.850187  0.000320
156  0.071524  0.985903  0.580325      0.852684  0.000320
157  0.077831  0.986281  0.457675      0.867665  0.000320
158  0.058432  0.991189  0.578274      0.842697  0.000256
159  0.056343  0.992070  0.661950      0.848939  0.000256
160  0.053282  0.993958  0.992535      0.842072  0.000256
161  0.050363  0.994714  1.118052      0.843945  0.000256
162  0.047771  0.994965  0.980084      0.845818  0.000256
163  0.051484  0.993581  0.968931      0.852684  0.000256
164  0.049528  0.994084  0.972625      0.855805  0.000256
165  0.053605  0.992070  0.934685      0.847066  0.000256
166  0.049344  0.994210  0.798240      0.852684  0.000256
167  0.056137  0.991693  0.534277      0.864544  0.000256
168  0.048693  0.993203  0.595950      0.858302  0.000256
169  0.048886  0.993707  1.380392      0.846442  0.000256
170  0.053736  0.991441  0.951777      0.845818  0.000256
171  0.049496  0.992826  0.925607      0.850187  0.000256
172  0.048566  0.993455  1.071196      0.844569  0.000256
173  0.044981  0.994840  0.907524      0.854557  0.000205
174  0.042957  0.995846  0.838619      0.859551  0.000205
175  0.044998  0.993707  0.953014      0.853308  0.000205
176  0.042192  0.995217  0.650361      0.862047  0.000205
177  0.061319  0.987539  1.013147      0.845194  0.000205
178  0.048797  0.992322  0.488500      0.860799  0.000205
179  0.061429  0.990057  0.553206      0.860175  0.000205
180  0.054860  0.990938  0.577535      0.833333  0.000205
181  0.048017  0.993707  0.533202      0.848939  0.000205
182  0.047580  0.993329  0.724103      0.845194  0.000205
183  0.044318  0.995217  0.651105      0.848939  0.000205
184  0.042989  0.994840  0.826385      0.843945  0.000205
185  0.044937  0.994462  0.738779      0.848315  0.000205
186  0.045988  0.993581  0.893368      0.840824  0.000205
187  0.042039  0.995595  0.705388      0.853308  0.000164
188  0.040746  0.995595  0.725303      0.844569  0.000164
189  0.041878  0.994840  0.842719      0.845194  0.000164
190  0.039104  0.996224  0.877171      0.845818  0.000164
191  0.040214  0.995721  1.166792      0.842072  0.000164
192  0.040856  0.995721  1.208402      0.843945  0.000164
193  0.038781  0.996476  1.077560      0.841448  0.000164
194  0.039810  0.995595  1.065881      0.842697  0.000164
195  0.038009  0.996476  0.615129      0.847690  0.000164
196  0.038216  0.996728  0.926108      0.845818  0.000164
197  0.036652  0.997231  1.069109      0.838951  0.000164
198  0.038493  0.995595  0.945942      0.840824  0.000164
199  0.040698  0.995091  0.712368      0.852060  0.000164
200  0.037893  0.996098  1.060943      0.843945  0.000164
201  0.041013  0.994840  0.954354      0.842072  0.000164
202  0.051024  0.991819  1.062002      0.845818  0.000164
203  0.041867  0.995343  0.828030      0.847066  0.000164
204  0.041889  0.994714  0.881276      0.846442  0.000164
205  0.043593  0.995469  1.116012      0.839576  0.000164
206  0.047200  0.994084  0.848599      0.848315  0.000164
207  0.043845  0.994336  0.714886      0.848315  0.000164
208  0.038840  0.995846  0.670352      0.849563  0.000131
209  0.039647  0.995217  0.934595      0.845818  0.000131
210  0.040192  0.995595  0.961796      0.845194  0.000131
211  0.037027  0.997105  0.895606      0.842697  0.000131
212  0.038367  0.996098  1.214806      0.846442  0.000131
213  0.036524  0.996350  1.011018      0.849563  0.000131
214  0.038462  0.996350  0.882231      0.857054  0.000131
215  0.036312  0.995972  1.018635      0.848939  0.000131
216  0.035056  0.997105  1.224462      0.845818  0.000131
217  0.036989  0.996224  0.902213      0.850811  0.000131
218  0.035390  0.996350  1.159327      0.843321  0.000131
219  0.038868  0.995091  0.827445      0.849563  0.000131
220  0.036758  0.995721  1.061639      0.845818  0.000131
221  0.032956  0.997483  0.967809      0.852060  0.000131
222  0.036044  0.996224  0.816075      0.853308  0.000131
223  0.034358  0.996350  1.271964      0.842697  0.000131
224  0.035221  0.996476  1.029557      0.843945  0.000131
225  0.034822  0.995972  1.130978      0.845818  0.000131
226  0.033508  0.996979  0.982042      0.849563  0.000131
227  0.032316  0.997231  0.937215      0.848315  0.000131
228  0.034956  0.995846  0.640737      0.858926  0.000131
229  0.033649  0.996224  0.937997      0.850811  0.000131
230  0.037991  0.995721  0.925808      0.852060  0.000131
231  0.034645  0.996350  1.055434      0.841448  0.000131
232  0.034569  0.995972  1.412234      0.840200  0.000131
233  0.033806  0.997105  1.070303      0.840200  0.000131
234  0.038016  0.994840  0.949395      0.846442  0.000131
235  0.033448  0.996728  0.739608      0.851436  0.000131
236  0.034376  0.996728  0.686218      0.852684  0.000131
237  0.033644  0.996853  0.975640      0.848315  0.000131
238  0.035972  0.995343  0.948761      0.845194  0.000105
239  0.034641  0.996602  0.585718      0.860175  0.000105
240  0.035487  0.995846  0.865604      0.845194  0.000105
241  0.033203  0.997231  0.717016      0.852060  0.000105
242  0.034333  0.995595  0.784080      0.845194  0.000105
243  0.033532  0.996350  0.929467      0.842697  0.000105
244  0.032504  0.996728  0.906503      0.847066  0.000105
245  0.032553  0.996476  0.746652      0.854557  0.000105
246  0.032387  0.996224  0.923086      0.847066  0.000105
247  0.029741  0.997483  0.990107      0.845194  0.000105
248  0.030921  0.996853  0.948801      0.847690  0.000105
249  0.033814  0.995846  0.927184      0.850811  0.000105
250  0.033874  0.996602  1.148577      0.842072  0.000105
251  0.036474  0.995721  0.699505      0.845818  0.000105
252  0.031669  0.997231  0.883463      0.847690  0.000105
253  0.031098  0.997483  0.968651      0.846442  0.000105
254  0.031302  0.997609  0.800939      0.852684  0.000105
255  0.033533  0.996224  0.894747      0.849563  0.000105
256  0.030054  0.997483  0.989999      0.847690  0.000105
257  0.031219  0.997357  0.801732      0.847690  0.000105
258  0.029356  0.997609  0.890420      0.844569  0.000100
259  0.037333  0.995469  1.127149      0.843321  0.000100
260  0.033910  0.995595  1.062314      0.842072  0.000100
261  0.030360  0.997609  0.771062      0.847690  0.000100
262  0.029852  0.997860  0.948847      0.840200  0.000100
263  0.031699  0.997609  1.040507      0.837703  0.000100
264  0.032194  0.997231  0.749232      0.852060  0.000100
265  0.030195  0.997734  0.872040      0.852060  0.000100
266  0.029586  0.997231  0.782991      0.852684  0.000100
267  0.030093  0.997609  1.012335      0.842697  0.000100
268  0.029577  0.997609  0.888123      0.845818  0.000100
269  0.027811  0.997860  0.979789      0.841448  0.000100
270  0.030581  0.996476  0.942834      0.845194  0.000100
271  0.029353  0.997609  0.812154      0.851436  0.000100
272  0.028505  0.998112  0.744177      0.853308  0.000100
273  0.028291  0.997986  0.835670      0.848315  0.000100
274  0.027147  0.997986  0.940347      0.844569  0.000100
275  0.029181  0.997483  1.157781      0.842072  0.000100
276  0.031415  0.996602  1.123298      0.843321  0.000100
277  0.028491  0.997986  0.989984      0.847690  0.000100
278  0.029428  0.997734  1.099761      0.843945  0.000100
279  0.029457  0.997105  0.960069      0.845818  0.000100
280  0.026705  0.998238  0.970338      0.839576  0.000100
281  0.029271  0.997357  0.868649      0.850811  0.000100
282  0.029343  0.997231  1.098893      0.848315  0.000100
283  0.030127  0.996350  0.954548      0.844569  0.000100
284  0.028341  0.997357  1.000072      0.845194  0.000100
285  0.030025  0.997105  0.661852      0.858926  0.000100
286  0.044405  0.991064  0.904812      0.845818  0.000100
287  0.033748  0.996476  0.967332      0.844569  0.000100
288  0.034795  0.996350  0.900935      0.852684  0.000100
289  0.031986  0.996224  0.952305      0.844569  0.000100
290  0.030126  0.997105  0.926590      0.848939  0.000100
291  0.029092  0.997483  0.772312      0.858302  0.000100
292  0.028720  0.997105  0.859710      0.847690  0.000100
293  0.028167  0.997734  0.770654      0.854557  0.000100
294  0.028478  0.997609  1.075680      0.846442  0.000100
295  0.028141  0.997483  1.140347      0.842697  0.000100
296  0.026410  0.997860  0.903421      0.849563  0.000100
297  0.027908  0.997609  0.644131      0.862047  0.000100
298  0.043619  0.992700  1.206534      0.838327  0.000100
299  0.033859  0.996853  0.807662      0.849563  0.000100
300  0.031330  0.997483  0.997894      0.848939  0.000100
301  0.030559  0.997483  1.017117      0.846442  0.000100
302  0.031693  0.996476  1.059441      0.847690  0.000100
303  0.031003  0.997357  0.984941      0.847066  0.000100
304  0.029688  0.997357  0.828714      0.853933  0.000100
305  0.028160  0.998238  0.985999      0.852060  0.000100
306  0.028715  0.997860  0.890002      0.846442  0.000100
307  0.026657  0.997986  0.860815      0.849563  0.000100
308  0.028803  0.997860  0.914563      0.845194  0.000100
309  0.028186  0.997357  0.899397      0.846442  0.000100
310  0.029189  0.997105  0.984170      0.845818  0.000100
311  0.029234  0.997734  0.931127      0.847066  0.000100
312  0.027185  0.997483  0.928362      0.845818  0.000100
313  0.026785  0.997609  0.998052      0.846442  0.000100
314  0.027249  0.997734  1.001552      0.848939  0.000100
315  0.025643  0.997609  0.974726      0.848939  0.000100

Model: "model_1"
__________________________________________________________________________________________________
Layer (type)                    Output Shape         Param #     Connected to                     
==================================================================================================
input_2 (InputLayer)            [(None, 192, 9)]     0                                            
__________________________________________________________________________________________________
batch_normalization_16 (BatchNo (None, 192, 9)       36          input_2[0][0]                    
__________________________________________________________________________________________________
conv1d_33 (Conv1D)              (None, 192, 32)      288         batch_normalization_16[0][0]     
__________________________________________________________________________________________________
max_pooling1d_7 (MaxPooling1D)  (None, 192, 9)       0           batch_normalization_16[0][0]     
__________________________________________________________________________________________________
conv1d_34 (Conv1D)              (None, 192, 64)      139264      conv1d_33[0][0]                  
__________________________________________________________________________________________________
conv1d_35 (Conv1D)              (None, 192, 64)      69632       conv1d_33[0][0]                  
__________________________________________________________________________________________________
conv1d_36 (Conv1D)              (None, 192, 64)      34816       conv1d_33[0][0]                  
__________________________________________________________________________________________________
conv1d_37 (Conv1D)              (None, 192, 64)      576         max_pooling1d_7[0][0]            
__________________________________________________________________________________________________
concatenate_5 (Concatenate)     (None, 192, 256)     0           conv1d_34[0][0]                  
                                                                 conv1d_35[0][0]                  
                                                                 conv1d_36[0][0]                  
                                                                 conv1d_37[0][0]                  
__________________________________________________________________________________________________
batch_normalization_17 (BatchNo (None, 192, 256)     1024        concatenate_5[0][0]              
__________________________________________________________________________________________________
activation_11 (Activation)      (None, 192, 256)     0           batch_normalization_17[0][0]     
__________________________________________________________________________________________________
conv1d_38 (Conv1D)              (None, 192, 32)      8192        activation_11[0][0]              
__________________________________________________________________________________________________
max_pooling1d_8 (MaxPooling1D)  (None, 192, 256)     0           activation_11[0][0]              
__________________________________________________________________________________________________
conv1d_39 (Conv1D)              (None, 192, 64)      139264      conv1d_38[0][0]                  
__________________________________________________________________________________________________
conv1d_40 (Conv1D)              (None, 192, 64)      69632       conv1d_38[0][0]                  
__________________________________________________________________________________________________
conv1d_41 (Conv1D)              (None, 192, 64)      34816       conv1d_38[0][0]                  
__________________________________________________________________________________________________
conv1d_42 (Conv1D)              (None, 192, 64)      16384       max_pooling1d_8[0][0]            
__________________________________________________________________________________________________
concatenate_6 (Concatenate)     (None, 192, 256)     0           conv1d_39[0][0]                  
                                                                 conv1d_40[0][0]                  
                                                                 conv1d_41[0][0]                  
                                                                 conv1d_42[0][0]                  
__________________________________________________________________________________________________
batch_normalization_18 (BatchNo (None, 192, 256)     1024        concatenate_6[0][0]              
__________________________________________________________________________________________________
activation_12 (Activation)      (None, 192, 256)     0           batch_normalization_18[0][0]     
__________________________________________________________________________________________________
conv1d_43 (Conv1D)              (None, 192, 32)      8192        activation_12[0][0]              
__________________________________________________________________________________________________
max_pooling1d_9 (MaxPooling1D)  (None, 192, 256)     0           activation_12[0][0]              
__________________________________________________________________________________________________
conv1d_44 (Conv1D)              (None, 192, 64)      139264      conv1d_43[0][0]                  
__________________________________________________________________________________________________
conv1d_45 (Conv1D)              (None, 192, 64)      69632       conv1d_43[0][0]                  
__________________________________________________________________________________________________
conv1d_46 (Conv1D)              (None, 192, 64)      34816       conv1d_43[0][0]                  
__________________________________________________________________________________________________
conv1d_47 (Conv1D)              (None, 192, 64)      16384       max_pooling1d_9[0][0]            
__________________________________________________________________________________________________
concatenate_7 (Concatenate)     (None, 192, 256)     0           conv1d_44[0][0]                  
                                                                 conv1d_45[0][0]                  
                                                                 conv1d_46[0][0]                  
                                                                 conv1d_47[0][0]                  
__________________________________________________________________________________________________
conv1d_48 (Conv1D)              (None, 192, 256)     2304        batch_normalization_16[0][0]     
__________________________________________________________________________________________________
batch_normalization_19 (BatchNo (None, 192, 256)     1024        concatenate_7[0][0]              
__________________________________________________________________________________________________
batch_normalization_20 (BatchNo (None, 192, 256)     1024        conv1d_48[0][0]                  
__________________________________________________________________________________________________
activation_13 (Activation)      (None, 192, 256)     0           batch_normalization_19[0][0]     
__________________________________________________________________________________________________
add_1 (Add)                     (None, 192, 256)     0           batch_normalization_20[0][0]     
                                                                 activation_13[0][0]              
__________________________________________________________________________________________________
activation_14 (Activation)      (None, 192, 256)     0           add_1[0][0]                      
__________________________________________________________________________________________________
conv1d_49 (Conv1D)              (None, 192, 32)      8192        activation_14[0][0]              
__________________________________________________________________________________________________
max_pooling1d_10 (MaxPooling1D) (None, 192, 256)     0           activation_14[0][0]              
__________________________________________________________________________________________________
conv1d_50 (Conv1D)              (None, 192, 64)      139264      conv1d_49[0][0]                  
__________________________________________________________________________________________________
conv1d_51 (Conv1D)              (None, 192, 64)      69632       conv1d_49[0][0]                  
__________________________________________________________________________________________________
conv1d_52 (Conv1D)              (None, 192, 64)      34816       conv1d_49[0][0]                  
__________________________________________________________________________________________________
conv1d_53 (Conv1D)              (None, 192, 64)      16384       max_pooling1d_10[0][0]           
__________________________________________________________________________________________________
concatenate_8 (Concatenate)     (None, 192, 256)     0           conv1d_50[0][0]                  
                                                                 conv1d_51[0][0]                  
                                                                 conv1d_52[0][0]                  
                                                                 conv1d_53[0][0]                  
__________________________________________________________________________________________________
batch_normalization_21 (BatchNo (None, 192, 256)     1024        concatenate_8[0][0]              
__________________________________________________________________________________________________
activation_15 (Activation)      (None, 192, 256)     0           batch_normalization_21[0][0]     
__________________________________________________________________________________________________
conv1d_54 (Conv1D)              (None, 192, 32)      8192        activation_15[0][0]              
__________________________________________________________________________________________________
max_pooling1d_11 (MaxPooling1D) (None, 192, 256)     0           activation_15[0][0]              
__________________________________________________________________________________________________
conv1d_55 (Conv1D)              (None, 192, 64)      139264      conv1d_54[0][0]                  
__________________________________________________________________________________________________
conv1d_56 (Conv1D)              (None, 192, 64)      69632       conv1d_54[0][0]                  
__________________________________________________________________________________________________
conv1d_57 (Conv1D)              (None, 192, 64)      34816       conv1d_54[0][0]                  
__________________________________________________________________________________________________
conv1d_58 (Conv1D)              (None, 192, 64)      16384       max_pooling1d_11[0][0]           
__________________________________________________________________________________________________
concatenate_9 (Concatenate)     (None, 192, 256)     0           conv1d_55[0][0]                  
                                                                 conv1d_56[0][0]                  
                                                                 conv1d_57[0][0]                  
                                                                 conv1d_58[0][0]                  
__________________________________________________________________________________________________
batch_normalization_22 (BatchNo (None, 192, 256)     1024        concatenate_9[0][0]              
__________________________________________________________________________________________________
activation_16 (Activation)      (None, 192, 256)     0           batch_normalization_22[0][0]     
__________________________________________________________________________________________________
global_average_pooling1d_1 (Glo (None, 256)          0           activation_16[0][0]              
__________________________________________________________________________________________________
dense_10 (Dense)                (None, 2)            514         global_average_pooling1d_1[0][0] 
==================================================================================================
Total params: 1,326,726
Trainable params: 1,323,636
Non-trainable params: 3,090
__________________________________________________________________________________________________

+++Hyperparameters+++
Number of Epochs: 350
Batch Size: 64
Learning rate: 0.0005
Regularization rate: 0.00593
Network depth: 5
Filters number: 64
Max kernel size: 68
Use residual: True
Use bottleneck: True


Test Accuracy: 92.92452931404114
Test Loss: 0.3256503939628601



Classification Report
              precision    recall  f1-score   support

   No freeze       0.93      0.99      0.96      2165
      Freeze       0.53      0.10      0.16       167

    accuracy                           0.93      2332
   macro avg       0.73      0.54      0.56      2332
weighted avg       0.91      0.93      0.91      2332



Confusion Matrix
[[2151   14]
 [ 151   16]]


Normalised Confusion Matrix: True
           No freeze  Freeze
No freeze      99.35    0.65
Freeze         90.42    9.58


Finished working on: iSPLInception at: 2021-02-10 20:46:07.333706 -> 2393.9379160404205

Accuracy comparison 
                       0
CNN            92.967409
CNN_LSTM       92.967409
vLSTM          93.224698
iSPLInception  92.924529

Loss comparison 
                      0
CNN            0.276821
CNN_LSTM       0.255843
vLSTM          0.239195
iSPLInception  0.325650

