This is the report for the pamap2 Dataset

Data Distribution: 

Train:  X -> (10656, 256, 36) Class count -> [1135, 1056, 1117, 1359, 383, 926, 1031, 700, 629, 1015, 1305] 

                   frequency
lying              10.651277
sitting             9.909910
standing           10.482357
walking            12.753378
running             3.594219
cycling             8.689939
nordic walking      9.675301
ascending stairs    6.569069
descending stairs   5.902778
vacuum cleaning     9.525150
ironing            12.246621

Validation:  X -> (2044, 256, 36) Class count -> [184, 209, 173, 239, 189, 190, 202, 112, 99, 190, 257] 

                   frequency
lying               9.001957
sitting            10.225049
standing            8.463797
walking            11.692760
running             9.246575
cycling             9.295500
nordic walking      9.882584
ascending stairs    5.479452
descending stairs   4.843444
vacuum cleaning     9.295500
ironing            12.573385

Test:  X -> (1935, 256, 36) Class count -> [182, 178, 188, 198, 173, 159, 207, 104, 88, 164, 294] 

                   frequency
lying               9.405684
sitting             9.198967
standing            9.715762
walking            10.232558
running             8.940569
cycling             8.217054
nordic walking     10.697675
ascending stairs    5.374677
descending stairs   4.547803
vacuum cleaning     8.475451
ironing            15.193799

iSPLInception Model : 2021-02-08 20:04:19.499403
Model History 
         loss  accuracy  val_loss  val_accuracy        lr
0    6.725713  0.883915  5.331422      0.818493  0.000500
1    3.206936  0.935529  3.345324      0.675636  0.000500
2    1.835033  0.949230  1.963830      0.869863  0.000500
3    1.189201  0.956456  1.420950      0.868885  0.000500
4    0.850855  0.960961  1.339656      0.824853  0.000500
5    0.636867  0.966404  1.147563      0.807241  0.000500
6    0.525293  0.966779  1.034434      0.820939  0.000500
7    0.451670  0.969782  1.116887      0.806262  0.000500
8    0.385036  0.973630  0.996758      0.856164  0.000500
9    0.340827  0.974756  1.298555      0.769569  0.000500
10   0.331318  0.974474  1.004219      0.833170  0.000500
11   0.285045  0.977008  0.947744      0.795988  0.000500
12   0.270391  0.978322  0.861872      0.854207  0.000500
13   0.259875  0.976914  1.033681      0.747554  0.000500
14   0.244052  0.980293  1.995923      0.630626  0.000500
15   0.258240  0.976351  0.973141      0.793542  0.000500
16   0.262713  0.977196  0.652874      0.902153  0.000500
17   0.207273  0.984047  0.809008      0.850294  0.000500
18   0.208833  0.980105  0.926221      0.782290  0.000500
19   0.196254  0.980293  1.089953      0.729452  0.000500
20   0.214348  0.977477  0.976277      0.799902  0.000500
21   0.192235  0.983671  0.934800      0.766145  0.000500
22   0.198481  0.982076  1.159512      0.804795  0.000500
23   0.200289  0.980574  1.040937      0.760274  0.000500
24   0.188589  0.984328  0.813896      0.817025  0.000500
25   0.185881  0.980950  2.172483      0.703523  0.000500
26   0.185915  0.983390  0.807212      0.823875  0.000500
27   0.165790  0.985173  0.834865      0.829256  0.000500
28   0.186052  0.982170  0.859186      0.791096  0.000500
29   0.177203  0.983577  0.657531      0.839041  0.000500
30   0.152512  0.986299  0.630557      0.883072  0.000500
31   0.180818  0.982264  0.889900      0.778865  0.000500
32   0.188148  0.982264  0.732481      0.849804  0.000500
33   0.176869  0.984703  0.821512      0.830724  0.000500
34   0.156621  0.985830  0.940824      0.775440  0.000500
35   0.148445  0.987613  0.712806      0.862035  0.000500
36   0.150267  0.984703  0.834691      0.833170  0.000500
37   0.167644  0.983577  0.726148      0.846380  0.000500
38   0.170925  0.984234  0.628394      0.876712  0.000500
39   0.159467  0.985642  0.714776      0.844912  0.000500
40   0.152985  0.984422  0.701921      0.858611  0.000500
41   0.156329  0.984516  0.616351      0.863503  0.000500
42   0.170020  0.983202  0.728383      0.863014  0.000500
43   0.154022  0.985267  0.796757      0.810665  0.000500
44   0.142196  0.988176  0.687654      0.843444  0.000500
45   0.143879  0.985642  0.559998      0.904110  0.000500
46   0.138473  0.987988  0.739657      0.868395  0.000500
47   0.131769  0.988176  0.970343      0.773973  0.000500
48   0.128328  0.989020  0.553645      0.886497  0.000500
49   0.126031  0.990334  0.974899      0.814090  0.000500
50   0.160053  0.982170  0.732971      0.851761  0.000500
51   0.149843  0.986393  0.744027      0.845890  0.000500
52   0.118676  0.990709  0.665895      0.858611  0.000500
53   0.123029  0.988457  1.059898      0.721135  0.000500
54   0.114603  0.990146  0.798286      0.833170  0.000500
55   0.115167  0.990334  0.731955      0.853718  0.000500
56   0.146056  0.985079  0.782301      0.832192  0.000500
57   0.145109  0.984140  1.206150      0.711840  0.000500
58   0.143896  0.985923  0.777127      0.812133  0.000500
59   0.121881  0.990522  0.763327      0.841977  0.000500
60   0.139123  0.986299  0.967048      0.802838  0.000500
61   0.138372  0.989114  0.680809      0.853718  0.000500
62   0.139022  0.985830  0.848408      0.795010  0.000500
63   0.122637  0.989583  0.627649      0.875734  0.000500
64   0.114600  0.989771  0.752200      0.846380  0.000500
65   0.101844  0.991836  0.634950      0.878180  0.000400
66   0.094590  0.992774  0.644431      0.869863  0.000400
67   0.092680  0.993149  0.659898      0.871331  0.000400
68   0.090989  0.993056  0.616039      0.876712  0.000400
69   0.105196  0.989959  0.662611      0.861057  0.000400
70   0.093138  0.993431  0.675608      0.859589  0.000400
71   0.083992  0.993431  0.636702      0.868395  0.000400
72   0.085161  0.993337  0.756669      0.826321  0.000400
73   0.082586  0.992868  0.624508      0.837573  0.000400
74   0.111927  0.987894  0.839025      0.837084  0.000400
75   0.096827  0.991836  0.524074      0.883072  0.000400
76   0.091238  0.990616  0.915315      0.818004  0.000400
77   0.101500  0.989583  0.809822      0.875245  0.000400
78   0.099993  0.991554  0.616110      0.869374  0.000400
79   0.103809  0.987988  0.698786      0.868885  0.000400
80   0.091495  0.992399  0.672812      0.860568  0.000400
81   0.087912  0.991554  0.827555      0.786204  0.000400
82   0.088517  0.992774  0.773286      0.800391  0.000400
83   0.089771  0.991179  0.742113      0.821918  0.000400
84   0.077261  0.994369  0.627892      0.856654  0.000320
85   0.073479  0.994088  0.679154      0.851272  0.000320
86   0.077366  0.992492  0.534548      0.871820  0.000320
87   0.072986  0.994088  0.619708      0.875245  0.000320
88   0.074095  0.993431  0.667562      0.844423  0.000320
89   0.066254  0.995214  0.575619      0.878180  0.000320
90   0.078812  0.992586  0.731995      0.802838  0.000320
91   0.079280  0.992492  0.536994      0.887965  0.000320
92   0.070203  0.994557  0.539220      0.895303  0.000320
93   0.083132  0.991648  0.940712      0.807241  0.000320
94   0.082568  0.992492  0.654154      0.867906  0.000320
95   0.098947  0.988926  0.573378      0.870842  0.000320
96   0.083281  0.991742  1.233799      0.800881  0.000320
97   0.091387  0.990709  0.677390      0.846869  0.000320
98   0.073559  0.994745  0.778262      0.811155  0.000320
99   0.068998  0.994745  0.671974      0.833659  0.000320
100  0.069307  0.994276  0.611888      0.871820  0.000256
101  0.061495  0.994932  0.581230      0.866928  0.000256
102  0.058823  0.996059  0.625001      0.849804  0.000256
103  0.068456  0.994369  0.638053      0.857632  0.000256
104  0.072345  0.993056  0.645657      0.858611  0.000256
105  0.062954  0.995402  0.614283      0.871820  0.000256
106  0.059745  0.995871  0.819962      0.808708  0.000256
107  0.059090  0.995777  0.616833      0.863014  0.000256
108  0.073802  0.992211  0.615059      0.857632  0.000256
109  0.067783  0.993900  0.587214      0.853718  0.000256
110  0.065109  0.994463  0.583160      0.866438  0.000256
111  0.062275  0.994932  0.613498      0.870352  0.000256
112  0.065092  0.994182  0.586732      0.855186  0.000256
113  0.058160  0.996340  0.516663      0.887476  0.000205
114  0.055309  0.995965  0.575653      0.875734  0.000205
115  0.056257  0.995589  0.539510      0.867906  0.000205
116  0.051178  0.996809  0.576658      0.876712  0.000205
117  0.049847  0.996622  0.586625      0.864481  0.000205
118  0.052219  0.995777  0.580572      0.869863  0.000205
119  0.052768  0.995871  0.551633      0.879158  0.000205
120  0.054462  0.995683  0.548456      0.875245  0.000205
121  0.054221  0.995214  0.668363      0.862035  0.000205
122  0.055190  0.996059  0.583672      0.856164  0.000205
123  0.053338  0.996528  0.528223      0.874266  0.000205
124  0.050957  0.996434  0.780421      0.793542  0.000205
125  0.057586  0.994276  0.525300      0.878669  0.000205
126  0.053129  0.996152  0.649398      0.831213  0.000205
127  0.052270  0.996059  0.571241      0.858611  0.000205
128  0.049808  0.996528  0.606808      0.852251  0.000164
129  0.050061  0.996809  0.598976      0.836595  0.000164
130  0.046786  0.996903  0.596341      0.855675  0.000164
131  0.045194  0.997279  0.662674      0.843933  0.000164
132  0.045984  0.996809  0.621050      0.859589  0.000164
133  0.045390  0.996528  0.537736      0.872798  0.000164
134  0.043864  0.996434  0.570619      0.871820  0.000164
135  0.051902  0.995120  0.590803      0.867906  0.000164
136  0.050438  0.995589  0.572149      0.874266  0.000164
137  0.050566  0.996246  0.583668      0.865460  0.000164
138  0.057150  0.994276  0.543266      0.869863  0.000164
139  0.047840  0.996622  0.514786      0.876712  0.000164
140  0.047762  0.996340  0.520998      0.887965  0.000164
141  0.044163  0.997185  0.561529      0.883072  0.000164
142  0.045039  0.996997  0.474045      0.891389  0.000164
143  0.042213  0.996715  0.514047      0.888943  0.000164
144  0.043541  0.996997  0.511327      0.885519  0.000164
145  0.041791  0.996997  0.477526      0.892857  0.000164
146  0.046463  0.996152  0.584493      0.867417  0.000164
147  0.042376  0.996809  0.537588      0.878180  0.000164
148  0.040991  0.997279  0.506516      0.891389  0.000164
149  0.042530  0.996246  0.559121      0.871331  0.000164
150  0.042353  0.996622  0.631292      0.856654  0.000164
151  0.049184  0.994839  0.670399      0.831703  0.000164
152  0.044101  0.996152  0.590467      0.871820  0.000164
153  0.042027  0.996903  0.553884      0.873777  0.000164
154  0.041204  0.996528  0.577513      0.876223  0.000164
155  0.043525  0.995495  0.636427      0.866928  0.000164
156  0.050135  0.995308  1.073295      0.697162  0.000164
157  0.052075  0.995120  0.507538      0.892368  0.000164
158  0.057905  0.993243  0.555513      0.887965  0.000164
159  0.053956  0.995214  0.539727      0.886497  0.000131
160  0.048505  0.995965  0.516099      0.888454  0.000131
161  0.045055  0.996809  0.615469      0.869374  0.000131
162  0.041646  0.997185  0.609699      0.849804  0.000131
163  0.042128  0.996903  0.639782      0.846869  0.000131
164  0.042004  0.997185  0.544060      0.891389  0.000131
165  0.040155  0.996903  0.582132      0.876712  0.000131
166  0.039116  0.997279  0.589813      0.873777  0.000131
167  0.040130  0.996903  0.605065      0.868395  0.000131
168  0.038011  0.997279  0.628610      0.871331  0.000131
169  0.038689  0.996903  0.559384      0.883072  0.000131
170  0.038060  0.996903  0.599304      0.875245  0.000131
171  0.039142  0.996997  0.562767      0.881605  0.000131
172  0.037209  0.997279  0.535937      0.878669  0.000131
173  0.039477  0.996340  0.738185      0.822896  0.000131
174  0.041501  0.996809  0.599185      0.871820  0.000131
175  0.038213  0.997466  0.558176      0.863992  0.000131
176  0.036382  0.997372  0.549299      0.882094  0.000131
177  0.037929  0.996997  0.543091      0.883562  0.000131
178  0.037204  0.997185  0.616475      0.868395  0.000131
179  0.038283  0.996903  0.704805      0.824364  0.000131
180  0.038737  0.996152  0.559966      0.873777  0.000131
181  0.038493  0.996715  0.618206      0.875245  0.000131
182  0.038758  0.997466  0.620717      0.863014  0.000131
183  0.041444  0.996622  0.594242      0.867417  0.000131
184  0.038743  0.996340  0.637713      0.830724  0.000131
185  0.038580  0.996809  0.742720      0.823386  0.000131
186  0.038254  0.996622  0.592852      0.875734  0.000131
187  0.035269  0.997654  0.625863      0.859100  0.000105
188  0.036223  0.997185  0.649868      0.836595  0.000105
189  0.034692  0.997654  0.618168      0.849804  0.000105
190  0.034598  0.997748  0.582595      0.853229  0.000105
191  0.034430  0.997654  0.512171      0.875734  0.000105
192  0.033794  0.997560  0.599128      0.867906  0.000105
193  0.034384  0.997185  0.614309      0.870842  0.000105
194  0.034967  0.998029  0.803207      0.819472  0.000105
195  0.033805  0.997372  0.668329      0.851761  0.000105
196  0.033808  0.997560  0.672537      0.836595  0.000105
197  0.033345  0.997372  0.664070      0.832681  0.000105
198  0.033046  0.997654  0.859082      0.782290  0.000105
199  0.034844  0.997091  0.517646      0.878669  0.000105
200  0.032795  0.997654  0.582285      0.858611  0.000105
201  0.034296  0.997466  0.585282      0.867906  0.000105
202  0.033792  0.997466  0.536382      0.875734  0.000105
203  0.036791  0.996903  0.663974      0.860568  0.000105
204  0.034674  0.997466  0.581977      0.864481  0.000105
205  0.034143  0.997842  0.579049      0.864971  0.000105
206  0.032281  0.998029  0.618025      0.860568  0.000105
207  0.032398  0.997466  0.694084      0.854697  0.000105
208  0.034083  0.997279  0.666811      0.851272  0.000105
209  0.034566  0.996809  0.652452      0.857632  0.000105
210  0.033882  0.997091  0.592036      0.861057  0.000105
211  0.034021  0.996997  0.612795      0.858121  0.000105
212  0.037395  0.996715  0.658476      0.849804  0.000105
213  0.037861  0.996809  0.574859      0.875245  0.000105
214  0.037755  0.996152  0.581497      0.868885  0.000105
215  0.036213  0.996809  0.572361      0.878669  0.000105
216  0.032961  0.997935  0.633308      0.857143  0.000105
217  0.034528  0.997185  0.638785      0.858611  0.000100
218  0.036061  0.996528  0.513827      0.886986  0.000100
219  0.036998  0.997372  0.586127      0.872798  0.000100
220  0.034280  0.997279  0.586453      0.872309  0.000100
221  0.033336  0.997372  0.569011      0.868885  0.000100
222  0.034541  0.997091  0.642876      0.862524  0.000100
223  0.033141  0.997279  0.603755      0.864481  0.000100
224  0.032793  0.997372  0.572459      0.873777  0.000100
225  0.031277  0.997935  0.633312      0.842955  0.000100
226  0.031258  0.997935  0.533663      0.877202  0.000100
227  0.033713  0.996997  0.547706      0.873288  0.000100
228  0.032129  0.997654  0.653394      0.858611  0.000100
229  0.030367  0.998123  0.706131      0.840509  0.000100
230  0.037667  0.996059  0.700082      0.846380  0.000100
231  0.043536  0.995965  0.717045      0.863503  0.000100
232  0.036180  0.996809  0.634525      0.860078  0.000100
233  0.034647  0.996903  0.626389      0.868395  0.000100
234  0.032879  0.998029  0.559259      0.878669  0.000100
235  0.033968  0.997560  0.671395      0.861057  0.000100
236  0.033719  0.997279  0.570182      0.872309  0.000100
237  0.033328  0.997560  0.697624      0.863992  0.000100
238  0.034833  0.996903  0.604976      0.870842  0.000100
239  0.036735  0.996152  0.524715      0.891389  0.000100
240  0.035421  0.996715  0.715306      0.853229  0.000100
241  0.036388  0.996528  0.636626      0.862524  0.000100
242  0.036442  0.996715  0.706181      0.838552  0.000100
243  0.034452  0.997372  0.921575      0.749022  0.000100
244  0.034555  0.997185  0.588712      0.864971  0.000100
245  0.032959  0.997748  0.565627      0.859589  0.000100
246  0.036066  0.996809  0.538483      0.866438  0.000100
247  0.035025  0.997185  0.494846      0.887476  0.000100
248  0.034324  0.997466  0.517714      0.882094  0.000100
249  0.035298  0.997091  0.568986      0.871331  0.000100
250  0.032343  0.997842  0.528359      0.881605  0.000100
251  0.033391  0.997185  0.549756      0.878669  0.000100
252  0.032816  0.997091  0.530404      0.878669  0.000100
253  0.034433  0.996622  0.602761      0.853229  0.000100
254  0.031978  0.997560  0.557795      0.884051  0.000100
255  0.031945  0.997654  0.635744      0.864481  0.000100
256  0.030428  0.998029  0.533526      0.874755  0.000100
257  0.031682  0.997372  0.632574      0.842955  0.000100
258  0.030598  0.997935  0.557926      0.855186  0.000100
259  0.031917  0.997935  0.569011      0.867906  0.000100
260  0.030900  0.997842  0.669448      0.860078  0.000100
261  0.031780  0.997560  0.653091      0.851761  0.000100
262  0.030897  0.997466  0.663931      0.855186  0.000100
263  0.029536  0.997935  0.691509      0.828767  0.000100
264  0.030452  0.997748  0.677620      0.825342  0.000100
265  0.030713  0.997654  0.595024      0.872309  0.000100
266  0.033586  0.996903  1.291482      0.753425  0.000100
267  0.034857  0.997091  0.584662      0.866928  0.000100
268  0.032579  0.997466  0.547840      0.878669  0.000100
269  0.031339  0.997560  0.548460      0.880626  0.000100
270  0.032408  0.997185  0.552440      0.875734  0.000100
271  0.033975  0.997466  0.648688      0.847358  0.000100
272  0.031199  0.997560  0.641514      0.847847  0.000100
273  0.032139  0.996997  0.613226      0.859100  0.000100
274  0.031268  0.997748  0.473125      0.896282  0.000100
275  0.029426  0.998123  0.516031      0.860568  0.000100
276  0.031386  0.997279  0.558076      0.857632  0.000100
277  0.030434  0.997748  0.561422      0.850783  0.000100
278  0.032712  0.997185  0.586932      0.846380  0.000100
279  0.033709  0.997372  0.488429      0.884051  0.000100
280  0.031743  0.997185  0.495119      0.871331  0.000100
281  0.035487  0.996903  0.536141      0.889922  0.000100
282  0.036421  0.996434  0.572493      0.877202  0.000100
283  0.033703  0.997185  0.494043      0.869374  0.000100
284  0.031737  0.997372  0.474743      0.889922  0.000100
285  0.032190  0.997466  0.540308      0.872309  0.000100
286  0.032833  0.997185  0.548899      0.874755  0.000100
287  0.034578  0.996622  0.539752      0.869863  0.000100
288  0.032568  0.997842  0.647334      0.828278  0.000100
289  0.031108  0.997654  0.622534      0.857632  0.000100
290  0.031821  0.996997  0.569692      0.840509  0.000100
291  0.031042  0.997466  0.548175      0.857632  0.000100
292  0.031172  0.997842  0.595072      0.863503  0.000100
293  0.030272  0.998029  0.535796      0.873288  0.000100
294  0.030102  0.997748  0.548991      0.872798  0.000100
295  0.031415  0.997372  0.569666      0.864481  0.000100
296  0.030366  0.997466  0.581862      0.863992  0.000100
297  0.032317  0.997185  0.595526      0.867417  0.000100
298  0.032802  0.997279  0.651374      0.833659  0.000100
299  0.032681  0.997091  0.538559      0.869374  0.000100
300  0.031782  0.997279  0.627260      0.835127  0.000100
301  0.035099  0.996903  0.610890      0.839530  0.000100
302  0.035102  0.996622  0.559866      0.871820  0.000100
303  0.032555  0.997748  0.549864      0.885029  0.000100
304  0.029372  0.997935  0.545347      0.876712  0.000100
305  0.030032  0.997748  0.528305      0.881115  0.000100
306  0.030166  0.997654  0.602980      0.853229  0.000100
307  0.030709  0.997654  0.612836      0.840509  0.000100
308  0.033131  0.996622  0.640910      0.838063  0.000100
309  0.032121  0.997372  0.581366      0.848826  0.000100
310  0.031124  0.997560  0.575991      0.849804  0.000100
311  0.031129  0.997654  0.612897      0.861057  0.000100
312  0.031942  0.997091  0.589253      0.875245  0.000100
313  0.033152  0.997091  0.649141      0.838063  0.000100
314  0.032554  0.997372  0.561143      0.864971  0.000100
315  0.032293  0.997654  0.595500      0.868885  0.000100
316  0.031422  0.997466  0.540150      0.878669  0.000100
317  0.033278  0.997091  0.603029      0.848337  0.000100
318  0.030793  0.997748  0.560316      0.861057  0.000100
319  0.030744  0.997466  0.542876      0.863503  0.000100
320  0.036954  0.995965  0.542974      0.893836  0.000100
321  0.032870  0.996997  0.540494      0.886497  0.000100
322  0.032216  0.997372  0.590779      0.869863  0.000100
323  0.034746  0.997279  0.564269      0.878669  0.000100
324  0.032311  0.997279  0.560646      0.880626  0.000100
325  0.030507  0.998029  0.561976      0.879158  0.000100
326  0.029820  0.997842  0.546435      0.879648  0.000100
327  0.030544  0.997560  0.551404      0.874266  0.000100
328  0.029633  0.997842  0.531397      0.879158  0.000100
329  0.029829  0.997748  0.518353      0.881605  0.000100
330  0.029839  0.997560  0.512604      0.883562  0.000100
331  0.029581  0.997466  0.546663      0.875734  0.000100
332  0.029545  0.997842  0.612242      0.870352  0.000100
333  0.038789  0.996059  0.492823      0.886008  0.000100
334  0.031323  0.997466  0.515433      0.887965  0.000100
335  0.030683  0.997842  0.504420      0.895793  0.000100
336  0.030435  0.997654  0.569136      0.879648  0.000100
337  0.028645  0.997935  0.549003      0.873288  0.000100
338  0.028759  0.997935  0.601583      0.848826  0.000100
339  0.028970  0.998029  0.562550      0.885029  0.000100
340  0.028733  0.997842  0.540809      0.886497  0.000100
341  0.029321  0.997560  0.623376      0.847847  0.000100
342  0.030307  0.998029  0.538568      0.886497  0.000100
343  0.032235  0.997091  0.612285      0.859100  0.000100
344  0.029099  0.997654  0.510103      0.888943  0.000100
345  0.029216  0.998123  0.569734      0.885519  0.000100
346  0.029904  0.997560  0.558068      0.881115  0.000100
347  0.032676  0.996809  0.533079      0.902642  0.000100
348  0.030890  0.997654  0.577102      0.880137  0.000100
349  0.028591  0.997935  0.585656      0.886008  0.000100

Model: "model"
__________________________________________________________________________________________________
Layer (type)                    Output Shape         Param #     Connected to                     
==================================================================================================
input_1 (InputLayer)            [(None, 256, 36)]    0                                            
__________________________________________________________________________________________________
batch_normalization (BatchNorma (None, 256, 36)      144         input_1[0][0]                    
__________________________________________________________________________________________________
conv1d (Conv1D)                 (None, 256, 32)      1152        batch_normalization[0][0]        
__________________________________________________________________________________________________
max_pooling1d (MaxPooling1D)    (None, 256, 36)      0           batch_normalization[0][0]        
__________________________________________________________________________________________________
conv1d_1 (Conv1D)               (None, 256, 64)      139264      conv1d[0][0]                     
__________________________________________________________________________________________________
conv1d_2 (Conv1D)               (None, 256, 64)      69632       conv1d[0][0]                     
__________________________________________________________________________________________________
conv1d_3 (Conv1D)               (None, 256, 64)      34816       conv1d[0][0]                     
__________________________________________________________________________________________________
conv1d_4 (Conv1D)               (None, 256, 64)      2304        max_pooling1d[0][0]              
__________________________________________________________________________________________________
concatenate (Concatenate)       (None, 256, 256)     0           conv1d_1[0][0]                   
                                                                 conv1d_2[0][0]                   
                                                                 conv1d_3[0][0]                   
                                                                 conv1d_4[0][0]                   
__________________________________________________________________________________________________
batch_normalization_1 (BatchNor (None, 256, 256)     1024        concatenate[0][0]                
__________________________________________________________________________________________________
activation (Activation)         (None, 256, 256)     0           batch_normalization_1[0][0]      
__________________________________________________________________________________________________
conv1d_5 (Conv1D)               (None, 256, 32)      8192        activation[0][0]                 
__________________________________________________________________________________________________
max_pooling1d_1 (MaxPooling1D)  (None, 256, 256)     0           activation[0][0]                 
__________________________________________________________________________________________________
conv1d_6 (Conv1D)               (None, 256, 64)      139264      conv1d_5[0][0]                   
__________________________________________________________________________________________________
conv1d_7 (Conv1D)               (None, 256, 64)      69632       conv1d_5[0][0]                   
__________________________________________________________________________________________________
conv1d_8 (Conv1D)               (None, 256, 64)      34816       conv1d_5[0][0]                   
__________________________________________________________________________________________________
conv1d_9 (Conv1D)               (None, 256, 64)      16384       max_pooling1d_1[0][0]            
__________________________________________________________________________________________________
concatenate_1 (Concatenate)     (None, 256, 256)     0           conv1d_6[0][0]                   
                                                                 conv1d_7[0][0]                   
                                                                 conv1d_8[0][0]                   
                                                                 conv1d_9[0][0]                   
__________________________________________________________________________________________________
batch_normalization_2 (BatchNor (None, 256, 256)     1024        concatenate_1[0][0]              
__________________________________________________________________________________________________
activation_1 (Activation)       (None, 256, 256)     0           batch_normalization_2[0][0]      
__________________________________________________________________________________________________
conv1d_10 (Conv1D)              (None, 256, 32)      8192        activation_1[0][0]               
__________________________________________________________________________________________________
max_pooling1d_2 (MaxPooling1D)  (None, 256, 256)     0           activation_1[0][0]               
__________________________________________________________________________________________________
conv1d_11 (Conv1D)              (None, 256, 64)      139264      conv1d_10[0][0]                  
__________________________________________________________________________________________________
conv1d_12 (Conv1D)              (None, 256, 64)      69632       conv1d_10[0][0]                  
__________________________________________________________________________________________________
conv1d_13 (Conv1D)              (None, 256, 64)      34816       conv1d_10[0][0]                  
__________________________________________________________________________________________________
conv1d_14 (Conv1D)              (None, 256, 64)      16384       max_pooling1d_2[0][0]            
__________________________________________________________________________________________________
concatenate_2 (Concatenate)     (None, 256, 256)     0           conv1d_11[0][0]                  
                                                                 conv1d_12[0][0]                  
                                                                 conv1d_13[0][0]                  
                                                                 conv1d_14[0][0]                  
__________________________________________________________________________________________________
conv1d_15 (Conv1D)              (None, 256, 256)     9216        batch_normalization[0][0]        
__________________________________________________________________________________________________
batch_normalization_3 (BatchNor (None, 256, 256)     1024        concatenate_2[0][0]              
__________________________________________________________________________________________________
batch_normalization_4 (BatchNor (None, 256, 256)     1024        conv1d_15[0][0]                  
__________________________________________________________________________________________________
activation_2 (Activation)       (None, 256, 256)     0           batch_normalization_3[0][0]      
__________________________________________________________________________________________________
add (Add)                       (None, 256, 256)     0           batch_normalization_4[0][0]      
                                                                 activation_2[0][0]               
__________________________________________________________________________________________________
activation_3 (Activation)       (None, 256, 256)     0           add[0][0]                        
__________________________________________________________________________________________________
conv1d_16 (Conv1D)              (None, 256, 32)      8192        activation_3[0][0]               
__________________________________________________________________________________________________
max_pooling1d_3 (MaxPooling1D)  (None, 256, 256)     0           activation_3[0][0]               
__________________________________________________________________________________________________
conv1d_17 (Conv1D)              (None, 256, 64)      139264      conv1d_16[0][0]                  
__________________________________________________________________________________________________
conv1d_18 (Conv1D)              (None, 256, 64)      69632       conv1d_16[0][0]                  
__________________________________________________________________________________________________
conv1d_19 (Conv1D)              (None, 256, 64)      34816       conv1d_16[0][0]                  
__________________________________________________________________________________________________
conv1d_20 (Conv1D)              (None, 256, 64)      16384       max_pooling1d_3[0][0]            
__________________________________________________________________________________________________
concatenate_3 (Concatenate)     (None, 256, 256)     0           conv1d_17[0][0]                  
                                                                 conv1d_18[0][0]                  
                                                                 conv1d_19[0][0]                  
                                                                 conv1d_20[0][0]                  
__________________________________________________________________________________________________
batch_normalization_5 (BatchNor (None, 256, 256)     1024        concatenate_3[0][0]              
__________________________________________________________________________________________________
activation_4 (Activation)       (None, 256, 256)     0           batch_normalization_5[0][0]      
__________________________________________________________________________________________________
conv1d_21 (Conv1D)              (None, 256, 32)      8192        activation_4[0][0]               
__________________________________________________________________________________________________
max_pooling1d_4 (MaxPooling1D)  (None, 256, 256)     0           activation_4[0][0]               
__________________________________________________________________________________________________
conv1d_22 (Conv1D)              (None, 256, 64)      139264      conv1d_21[0][0]                  
__________________________________________________________________________________________________
conv1d_23 (Conv1D)              (None, 256, 64)      69632       conv1d_21[0][0]                  
__________________________________________________________________________________________________
conv1d_24 (Conv1D)              (None, 256, 64)      34816       conv1d_21[0][0]                  
__________________________________________________________________________________________________
conv1d_25 (Conv1D)              (None, 256, 64)      16384       max_pooling1d_4[0][0]            
__________________________________________________________________________________________________
concatenate_4 (Concatenate)     (None, 256, 256)     0           conv1d_22[0][0]                  
                                                                 conv1d_23[0][0]                  
                                                                 conv1d_24[0][0]                  
                                                                 conv1d_25[0][0]                  
__________________________________________________________________________________________________
batch_normalization_6 (BatchNor (None, 256, 256)     1024        concatenate_4[0][0]              
__________________________________________________________________________________________________
activation_5 (Activation)       (None, 256, 256)     0           batch_normalization_6[0][0]      
__________________________________________________________________________________________________
global_average_pooling1d (Globa (None, 256)          0           activation_5[0][0]               
__________________________________________________________________________________________________
dense (Dense)                   (None, 11)           2827        global_average_pooling1d[0][0]   
==================================================================================================
Total params: 1,338,651
Trainable params: 1,335,507
Non-trainable params: 3,144
__________________________________________________________________________________________________

+++Hyperparameters+++
Number of Epochs: 350
Batch Size: 64
Learning rate: 0.0005
Regularization rate: 0.00593
Network depth: 5
Filters number: 64
Max kernel size: 68
Use residual: True
Use bottleneck: True


Test Accuracy: 89.09560441970825
Test Loss: 0.7322797775268555



Classification Report
                   precision    recall  f1-score   support

            lying       0.97      0.96      0.97       182
          sitting       0.96      0.96      0.96       178
         standing       0.91      0.36      0.52       188
          walking       0.94      0.96      0.95       198
          running       1.00      0.92      0.96       173
          cycling       0.98      0.97      0.98       159
   nordic walking       0.98      1.00      0.99       207
 ascending stairs       0.79      0.91      0.84       104
descending stairs       0.88      0.85      0.87        88
  vacuum cleaning       0.66      0.84      0.74       164
          ironing       0.82      0.99      0.90       294

         accuracy                           0.89      1935
        macro avg       0.90      0.88      0.88      1935
     weighted avg       0.90      0.89      0.88      1935



Confusion Matrix
[[175   2   0   0   0   3   0   1   0   1   0]
 [  0 170   5   0   0   0   0   0   0   2   1]
 [  0   2  68   0   0   0   0   0   0  63  55]
 [  0   0   0 191   0   0   0   7   0   0   0]
 [  3   0   0   1 160   0   0   4   3   0   2]
 [  2   0   0   0   0 155   0   0   0   0   2]
 [  0   0   0   1   0   0 206   0   0   0   0]
 [  0   0   0   6   0   0   0  95   1   0   2]
 [  0   3   0   2   0   0   0   3  75   3   2]
 [  0   0   2   2   0   0   5  11   6 138   0]
 [  0   0   0   0   0   0   0   0   0   3 291]]


Normalised Confusion Matrix: True
                   lying  sitting  standing  walking  running  cycling  \
lying              96.15     1.10      0.00     0.00     0.00     1.65   
sitting             0.00    95.51      2.81     0.00     0.00     0.00   
standing            0.00     1.06     36.17     0.00     0.00     0.00   
walking             0.00     0.00      0.00    96.46     0.00     0.00   
running             1.73     0.00      0.00     0.58    92.49     0.00   
cycling             1.26     0.00      0.00     0.00     0.00    97.48   
nordic walking      0.00     0.00      0.00     0.48     0.00     0.00   
ascending stairs    0.00     0.00      0.00     5.77     0.00     0.00   
descending stairs   0.00     3.41      0.00     2.27     0.00     0.00   
vacuum cleaning     0.00     0.00      1.22     1.22     0.00     0.00   
ironing             0.00     0.00      0.00     0.00     0.00     0.00   

                   nordic walking  ascending stairs  descending stairs  \
lying                        0.00              0.55               0.00   
sitting                      0.00              0.00               0.00   
standing                     0.00              0.00               0.00   
walking                      0.00              3.54               0.00   
running                      0.00              2.31               1.73   
cycling                      0.00              0.00               0.00   
nordic walking              99.52              0.00               0.00   
ascending stairs             0.00             91.35               0.96   
descending stairs            0.00              3.41              85.23   
vacuum cleaning              3.05              6.71               3.66   
ironing                      0.00              0.00               0.00   

                   vacuum cleaning  ironing  
lying                         0.55     0.00  
sitting                       1.12     0.56  
standing                     33.51    29.26  
walking                       0.00     0.00  
running                       0.00     1.16  
cycling                       0.00     1.26  
nordic walking                0.00     0.00  
ascending stairs              0.00     1.92  
descending stairs             3.41     2.27  
vacuum cleaning              84.15     0.00  
ironing                       1.02    98.98  


Finished working on: iSPLInception at: 2021-02-08 20:04:22.061246 -> 1288.3402171134949

CNN Model : 2021-02-08 20:07:16.381707
Model History 
        loss  accuracy  val_loss  val_accuracy      lr
0   0.919100  0.820664  1.068054      0.803327  0.0005
1   0.549250  0.926708  0.838140      0.822407  0.0005
2   0.443195  0.949418  0.844160      0.767613  0.0005
3   0.378626  0.959459  0.742009      0.858121  0.0005
4   0.328655  0.967342  0.702314      0.880626  0.0005
5   0.285539  0.974381  0.787237      0.792074  0.0005
6   0.258633  0.978979  0.723608      0.847358  0.0005
7   0.230158  0.981325  0.699690      0.865460  0.0005
8   0.212374  0.984610  0.795641      0.786693  0.0005
9   0.196225  0.985079  0.674714      0.851272  0.0005
10  0.184103  0.985360  0.632662      0.843933  0.0005
11  0.170356  0.987331  0.796165      0.793542  0.0005
12  0.157615  0.988363  0.633126      0.882094  0.0005
13  0.143863  0.988645  0.646756      0.839530  0.0005
14  0.138367  0.989959  0.651260      0.856164  0.0005
15  0.127674  0.990334  0.642149      0.857143  0.0005
16  0.122710  0.990428  0.631395      0.852740  0.0005
17  0.119803  0.990240  0.570463      0.867906  0.0005
18  0.111342  0.991179  0.663692      0.856654  0.0005
19  0.116279  0.989489  0.749893      0.814090  0.0005
20  0.103885  0.991366  0.688526      0.820450  0.0005
21  0.099072  0.992211  0.481160      0.895793  0.0005
22  0.100261  0.992305  0.552651      0.879158  0.0005
23  0.095679  0.991742  0.712531      0.792564  0.0005
24  0.089421  0.992305  0.672709      0.815558  0.0005
25  0.089966  0.991273  0.692846      0.827789  0.0005
26  0.086728  0.993619  0.663463      0.843444  0.0005
27  0.086071  0.991273  0.607438      0.858611  0.0005
28  0.092126  0.991836  0.641094      0.844912  0.0005
29  0.081144  0.993337  0.762002      0.799902  0.0005
30  0.080119  0.993712  0.654826      0.863503  0.0005
31  0.080317  0.992399  0.797645      0.806262  0.0005
32  0.076229  0.993619  0.796380      0.790117  0.0005
33  0.073358  0.993056  0.571075      0.888454  0.0005
34  0.067163  0.994369  0.635159      0.850294  0.0005
35  0.069202  0.994088  0.709677      0.835127  0.0005
36  0.079168  0.990991  0.599034      0.875734  0.0005
37  0.073630  0.993337  0.667027      0.867417  0.0005
38  0.073349  0.992680  0.712085      0.852740  0.0005
39  0.069968  0.993149  0.687995      0.853229  0.0005
40  0.071705  0.992586  0.694668      0.842466  0.0005
41  0.069161  0.993149  0.742523      0.821429  0.0005
42  0.067824  0.993056  0.716587      0.856164  0.0005
43  0.066498  0.993619  0.626198      0.849804  0.0005
44  0.060348  0.994557  0.829778      0.798434  0.0005
45  0.065241  0.993712  0.627081      0.857632  0.0005
46  0.072213  0.992305  0.823253      0.810665  0.0005
47  0.069364  0.992117  0.702644      0.854697  0.0005
48  0.061417  0.995214  0.723031      0.830235  0.0005
49  0.059026  0.994463  0.760569      0.808708  0.0005
50  0.064199  0.993056  0.653127      0.860078  0.0005
51  0.054840  0.994932  0.800810      0.786693  0.0005
52  0.058370  0.994651  0.691131      0.842955  0.0005
53  0.064111  0.993525  0.832367      0.805773  0.0005
54  0.063217  0.993243  1.153676      0.768102  0.0005
55  0.063059  0.993243  1.316340      0.697162  0.0005
56  0.056681  0.994276  0.793089      0.807241  0.0005
57  0.054438  0.995308  0.707922      0.819472  0.0005
58  0.049603  0.996809  0.691151      0.844912  0.0005
59  0.056026  0.994651  0.701497      0.819961  0.0005
60  0.063388  0.992586  0.948981      0.764677  0.0005
61  0.061555  0.993149  0.856865      0.770548  0.0005
62  0.056261  0.994369  0.870452      0.788160  0.0005
63  0.056333  0.995120  0.775216      0.792074  0.0005
64  0.052360  0.995120  0.578522      0.870842  0.0005
65  0.050160  0.995402  0.855261      0.818982  0.0005
66  0.049599  0.994839  1.189143      0.752446  0.0005
67  0.056804  0.993994  0.948360      0.775930  0.0005
68  0.055530  0.993337  0.988737      0.818004  0.0005
69  0.045491  0.997185  1.018648      0.772505  0.0004
70  0.047722  0.995683  0.649152      0.848826  0.0004
71  0.043157  0.996903  0.633329      0.861546  0.0004

Model: "sequential_1"
_________________________________________________________________
Layer (type)                 Output Shape              Param #   
=================================================================
batch_normalization_8 (Batch (None, 256, 36)           144       
_________________________________________________________________
conv1d_26 (Conv1D)           (None, 256, 32)           3488      
_________________________________________________________________
batch_normalization_9 (Batch (None, 256, 32)           128       
_________________________________________________________________
activation_6 (Activation)    (None, 256, 32)           0         
_________________________________________________________________
conv1d_27 (Conv1D)           (None, 256, 64)           6208      
_________________________________________________________________
batch_normalization_10 (Batc (None, 256, 64)           256       
_________________________________________________________________
activation_7 (Activation)    (None, 256, 64)           0         
_________________________________________________________________
conv1d_28 (Conv1D)           (None, 256, 32)           6176      
_________________________________________________________________
batch_normalization_11 (Batc (None, 256, 32)           128       
_________________________________________________________________
activation_8 (Activation)    (None, 256, 32)           0         
_________________________________________________________________
flatten (Flatten)            (None, 8192)              0         
_________________________________________________________________
dense_2 (Dense)              (None, 100)               819300    
_________________________________________________________________
activation_9 (Activation)    (None, 100)               0         
_________________________________________________________________
dense_3 (Dense)              (None, 11)                1111      
_________________________________________________________________
batch_normalization_12 (Batc (None, 11)                44        
_________________________________________________________________
activation_10 (Activation)   (None, 11)                0         
=================================================================
Total params: 836,983
Trainable params: 836,633
Non-trainable params: 350
_________________________________________________________________

+++Hyperparameters+++
Number of Epochs: 350
Batch Size: 64
Filters: [32, 64, 32]
Fc hidden nodes: 100
Learning rate: 0.0005
Regularization rate: 9.3e-05


Test Accuracy: 86.66666746139526
Test Loss: 0.5135947465896606



Classification Report
                   precision    recall  f1-score   support

            lying       0.97      0.96      0.96       182
          sitting       0.96      0.90      0.93       178
         standing       0.81      0.41      0.54       188
          walking       0.91      0.98      0.95       198
          running       0.97      0.93      0.95       173
          cycling       1.00      0.96      0.98       159
   nordic walking       0.99      0.96      0.98       207
 ascending stairs       0.82      0.79      0.80       104
descending stairs       0.63      0.81      0.71        88
  vacuum cleaning       0.62      0.78      0.69       164
          ironing       0.82      0.95      0.88       294

         accuracy                           0.87      1935
        macro avg       0.86      0.86      0.85      1935
     weighted avg       0.88      0.87      0.86      1935



Confusion Matrix
[[175   0   0   0   0   0   0   6   0   1   0]
 [  0 160  15   1   0   0   0   0   0   2   0]
 [  0   2  77   0   0   0   0   0   0  51  58]
 [  0   0   0 195   0   0   0   0   3   0   0]
 [  5   0   0   0 161   0   0   0   6   0   1]
 [  0   0   0   0   0 152   0   0   0   3   4]
 [  0   0   0   4   0   0 198   0   5   0   0]
 [  0   0   0   7   0   0   0  82  10   5   0]
 [  1   3   0   4   5   0   0   0  71   4   0]
 [  0   1   2   3   0   0   1  12  17 128   0]
 [  0   1   1   0   0   0   0   0   0  14 278]]


Normalised Confusion Matrix: True
                   lying  sitting  standing  walking  running  cycling  \
lying              96.15     0.00      0.00     0.00     0.00      0.0   
sitting             0.00    89.89      8.43     0.56     0.00      0.0   
standing            0.00     1.06     40.96     0.00     0.00      0.0   
walking             0.00     0.00      0.00    98.48     0.00      0.0   
running             2.89     0.00      0.00     0.00    93.06      0.0   
cycling             0.00     0.00      0.00     0.00     0.00     95.6   
nordic walking      0.00     0.00      0.00     1.93     0.00      0.0   
ascending stairs    0.00     0.00      0.00     6.73     0.00      0.0   
descending stairs   1.14     3.41      0.00     4.55     5.68      0.0   
vacuum cleaning     0.00     0.61      1.22     1.83     0.00      0.0   
ironing             0.00     0.34      0.34     0.00     0.00      0.0   

                   nordic walking  ascending stairs  descending stairs  \
lying                        0.00              3.30               0.00   
sitting                      0.00              0.00               0.00   
standing                     0.00              0.00               0.00   
walking                      0.00              0.00               1.52   
running                      0.00              0.00               3.47   
cycling                      0.00              0.00               0.00   
nordic walking              95.65              0.00               2.42   
ascending stairs             0.00             78.85               9.62   
descending stairs            0.00              0.00              80.68   
vacuum cleaning              0.61              7.32              10.37   
ironing                      0.00              0.00               0.00   

                   vacuum cleaning  ironing  
lying                         0.55     0.00  
sitting                       1.12     0.00  
standing                     27.13    30.85  
walking                       0.00     0.00  
running                       0.00     0.58  
cycling                       1.89     2.52  
nordic walking                0.00     0.00  
ascending stairs              4.81     0.00  
descending stairs             4.55     0.00  
vacuum cleaning              78.05     0.00  
ironing                       4.76    94.56  


Finished working on: CNN at: 2021-02-08 20:07:18.181016 -> 176.1197702884674

CNN_LSTM Model : 2021-02-08 20:11:36.935109
Model History 
        loss  accuracy  val_loss  val_accuracy      lr
0   1.000969  0.696603  1.095659      0.701076  0.0005
1   0.386446  0.902402  0.713930      0.834638  0.0005
2   0.293046  0.930274  0.690450      0.832681  0.0005
3   0.239835  0.941911  0.719988      0.851272  0.0005
4   0.206809  0.950357  0.742231      0.834638  0.0005
5   0.192760  0.954017  0.571042      0.870842  0.0005
6   0.167897  0.959084  0.654245      0.854697  0.0005
7   0.161423  0.961149  0.806497      0.840020  0.0005
8   0.136761  0.966873  0.720193      0.855186  0.0005
9   0.135053  0.967999  0.647188      0.848826  0.0005
10  0.113711  0.973911  0.688613      0.863014  0.0005
11  0.108517  0.975131  0.730769      0.863014  0.0005
12  0.110031  0.974756  0.728137      0.861546  0.0005
13  0.101105  0.978041  0.771101      0.832192  0.0005
14  0.110428  0.975413  0.737785      0.848826  0.0005
15  0.083995  0.982545  0.620186      0.878180  0.0005
16  0.086333  0.982545  0.599381      0.879158  0.0005
17  0.092639  0.979448  0.616285      0.863992  0.0005
18  0.072829  0.986862  0.645671      0.863014  0.0005
19  0.074596  0.985830  0.690822      0.861546  0.0005
20  0.070834  0.986486  0.784300      0.852740  0.0005
21  0.073800  0.985642  0.602766      0.881605  0.0005
22  0.075504  0.984422  0.558124      0.882094  0.0005
23  0.072432  0.986486  0.556010      0.879158  0.0005
24  0.072895  0.987237  0.658778      0.873777  0.0005
25  0.088809  0.981231  0.624346      0.860078  0.0005
26  0.071150  0.986580  0.650506      0.867417  0.0005
27  0.054692  0.990991  0.728365      0.853229  0.0005
28  0.060190  0.989959  0.773434      0.854207  0.0005
29  0.052020  0.991554  0.698264      0.866438  0.0005
30  0.052070  0.991742  0.727299      0.867417  0.0005
31  0.052378  0.991554  0.765744      0.845890  0.0005
32  0.057733  0.990146  0.833832      0.851272  0.0005
33  0.059380  0.988457  0.859130      0.832192  0.0005
34  0.062971  0.987988  0.830942      0.859589  0.0005
35  0.056398  0.989771  0.697348      0.867417  0.0005
36  0.043331  0.994088  0.854650      0.850294  0.0005
37  0.043937  0.994369  0.771739      0.863992  0.0005
38  0.048012  0.991366  0.807815      0.858121  0.0005
39  0.040676  0.994088  0.683408      0.871820  0.0005
40  0.043952  0.992774  0.865150      0.840509  0.0005
41  0.050180  0.991460  0.838845      0.846869  0.0005
42  0.047323  0.991648  0.728015      0.865949  0.0005
43  0.048054  0.992868  0.734171      0.861057  0.0005
44  0.041570  0.993243  0.819581      0.839530  0.0005
45  0.042156  0.992586  0.896283      0.841977  0.0005
46  0.042369  0.992399  0.732247      0.866928  0.0005
47  0.037428  0.993525  1.048550      0.833659  0.0005
48  0.037709  0.994745  0.864347      0.856164  0.0005
49  0.035312  0.994276  0.840977      0.845890  0.0005
50  0.036569  0.993431  0.913084      0.846380  0.0005
51  0.041526  0.993525  0.824063      0.834149  0.0005
52  0.038938  0.993337  0.844739      0.825342  0.0005
53  0.030783  0.996246  0.939519      0.836595  0.0005
54  0.036372  0.993806  1.017312      0.824364  0.0005
55  0.038293  0.993431  0.792250      0.857632  0.0005
56  0.037088  0.993337  0.898484      0.842955  0.0005
57  0.036161  0.993712  0.841995      0.849804  0.0005
58  0.036162  0.994557  0.738425      0.866928  0.0005
59  0.035203  0.993712  0.763400      0.863503  0.0005
60  0.034567  0.994088  0.843811      0.840998  0.0005
61  0.034893  0.993806  0.923844      0.819961  0.0005
62  0.042812  0.992399  0.837643      0.846380  0.0005
63  0.029682  0.995871  0.716517      0.861546  0.0005
64  0.030660  0.995495  0.767611      0.846380  0.0005
65  0.029373  0.995589  0.765414      0.861057  0.0005
66  0.031889  0.994369  0.691254      0.874755  0.0005
67  0.034516  0.993900  0.869610      0.838552  0.0005
68  0.031729  0.994463  0.883432      0.835616  0.0005
69  0.029588  0.995589  0.735584      0.864971  0.0005
70  0.026878  0.996528  0.682627      0.876712  0.0005
71  0.026873  0.995965  0.710524      0.879648  0.0005
72  0.034114  0.993431  0.716891      0.855186  0.0005
73  0.026506  0.996528  0.902320      0.831703  0.0005

Model: "sequential_2"
_________________________________________________________________
Layer (type)                 Output Shape              Param #   
=================================================================
reshape (Reshape)            (None, 4, 64, 36)         0         
_________________________________________________________________
batch_normalization_13 (Batc (None, 4, 64, 36)         144       
_________________________________________________________________
time_distributed (TimeDistri (None, 4, 64, 32)         3488      
_________________________________________________________________
time_distributed_1 (TimeDist (None, 4, 60, 64)         10304     
_________________________________________________________________
time_distributed_2 (TimeDist (None, 4, 30, 64)         0         
_________________________________________________________________
time_distributed_3 (TimeDist (None, 4, 26, 64)         20544     
_________________________________________________________________
time_distributed_4 (TimeDist (None, 4, 24, 32)         6176      
_________________________________________________________________
time_distributed_5 (TimeDist (None, 4, 12, 32)         0         
_________________________________________________________________
time_distributed_6 (TimeDist (None, 4, 384)            0         
_________________________________________________________________
lstm_2 (LSTM)                (None, 4, 512)            1837056   
_________________________________________________________________
lstm_3 (LSTM)                (None, 512)               2099200   
_________________________________________________________________
dropout_1 (Dropout)          (None, 512)               0         
_________________________________________________________________
dense_4 (Dense)              (None, 100)               51300     
_________________________________________________________________
dense_5 (Dense)              (None, 11)                1111      
=================================================================
Total params: 4,029,323
Trainable params: 4,029,251
Non-trainable params: 72
_________________________________________________________________

+++Hyperparameters+++
Number of Epochs: 350
Batch Size: 64
N hidden: 512
N steps: 4
Length: 64
N signals: 36
Learning rate: 0.0005
Cnn depth: 3
Lstm depth: 2
Regularization rate: 9.3e-05


Test Accuracy: 88.94056677818298
Test Loss: 0.5983709096908569



Classification Report
                   precision    recall  f1-score   support

            lying       0.98      0.96      0.97       182
          sitting       0.88      0.88      0.88       178
         standing       0.80      0.56      0.66       188
          walking       0.88      0.99      0.93       198
          running       1.00      0.93      0.96       173
          cycling       0.97      0.97      0.97       159
   nordic walking       0.97      0.98      0.97       207
 ascending stairs       0.83      0.88      0.85       104
descending stairs       0.74      0.83      0.78        88
  vacuum cleaning       0.86      0.71      0.78       164
          ironing       0.82      0.98      0.89       294

         accuracy                           0.89      1935
        macro avg       0.89      0.88      0.88      1935
     weighted avg       0.89      0.89      0.89      1935



Confusion Matrix
[[175   0   0   0   0   5   0   2   0   0   0]
 [  1 156  19   0   0   0   0   0   0   2   0]
 [  0  16 106   0   0   0   0   0   0   8  58]
 [  0   0   0 196   0   0   0   2   0   0   0]
 [  2   0   0   7 161   0   0   0   3   0   0]
 [  0   0   0   0   0 155   0   0   4   0   0]
 [  0   0   0   2   0   0 203   0   0   2   0]
 [  0   1   0   8   0   0   1  91   2   0   1]
 [  1   3   0   3   0   0   0   2  73   3   3]
 [  0   1   6   6   0   0   6  12  16 116   1]
 [  0   0   1   0   0   0   0   0   0   4 289]]


Normalised Confusion Matrix: True
                   lying  sitting  standing  walking  running  cycling  \
lying              96.15     0.00      0.00     0.00     0.00     2.75   
sitting             0.56    87.64     10.67     0.00     0.00     0.00   
standing            0.00     8.51     56.38     0.00     0.00     0.00   
walking             0.00     0.00      0.00    98.99     0.00     0.00   
running             1.16     0.00      0.00     4.05    93.06     0.00   
cycling             0.00     0.00      0.00     0.00     0.00    97.48   
nordic walking      0.00     0.00      0.00     0.97     0.00     0.00   
ascending stairs    0.00     0.96      0.00     7.69     0.00     0.00   
descending stairs   1.14     3.41      0.00     3.41     0.00     0.00   
vacuum cleaning     0.00     0.61      3.66     3.66     0.00     0.00   
ironing             0.00     0.00      0.34     0.00     0.00     0.00   

                   nordic walking  ascending stairs  descending stairs  \
lying                        0.00              1.10               0.00   
sitting                      0.00              0.00               0.00   
standing                     0.00              0.00               0.00   
walking                      0.00              1.01               0.00   
running                      0.00              0.00               1.73   
cycling                      0.00              0.00               2.52   
nordic walking              98.07              0.00               0.00   
ascending stairs             0.96             87.50               1.92   
descending stairs            0.00              2.27              82.95   
vacuum cleaning              3.66              7.32               9.76   
ironing                      0.00              0.00               0.00   

                   vacuum cleaning  ironing  
lying                         0.00     0.00  
sitting                       1.12     0.00  
standing                      4.26    30.85  
walking                       0.00     0.00  
running                       0.00     0.00  
cycling                       0.00     0.00  
nordic walking                0.97     0.00  
ascending stairs              0.00     0.96  
descending stairs             3.41     3.41  
vacuum cleaning              70.73     0.61  
ironing                       1.36    98.30  


Finished working on: CNN_LSTM at: 2021-02-08 20:11:39.404374 -> 261.2233581542969

vLSTM Model : 2021-02-08 20:15:32.096970
Model History 
        loss  accuracy  val_loss  val_accuracy       lr
0   1.262569  0.621246  1.492172      0.595401  0.00050
1   0.663216  0.810905  0.895903      0.732877  0.00050
2   0.456350  0.877815  0.804787      0.759296  0.00050
3   0.384095  0.898367  0.760960      0.785225  0.00050
4   0.362456  0.903153  0.710710      0.794521  0.00050
5   0.367911  0.900619  0.764347      0.774462  0.00050
6   0.274382  0.925770  0.713339      0.796477  0.00050
7   0.252466  0.931212  0.788860      0.789628  0.00050
8   0.231590  0.937218  0.793215      0.795988  0.00050
9   0.240956  0.933183  0.775739      0.800391  0.00050
10  0.262306  0.928209  0.782878      0.810176  0.00050
11  0.249717  0.929617  0.815789      0.797945  0.00050
12  0.230156  0.934591  0.796070      0.801370  0.00050
13  0.200401  0.941723  0.753500      0.821429  0.00050
14  0.179241  0.947541  0.772671      0.816047  0.00050
15  0.208719  0.941911  0.680988      0.829256  0.00050
16  0.190699  0.946040  0.752674      0.815068  0.00050
17  0.173745  0.949700  0.827582      0.807241  0.00050
18  0.156356  0.955518  0.890848      0.806262  0.00050
19  0.163962  0.952421  0.835295      0.803327  0.00050
20  0.145692  0.958615  0.902804      0.797945  0.00050
21  0.187785  0.946884  0.840634      0.784247  0.00050
22  0.177906  0.949324  0.809272      0.809687  0.00050
23  0.154365  0.954767  0.797291      0.812622  0.00050
24  0.174916  0.951201  1.098269      0.788160  0.00050
25  0.157754  0.954580  1.036925      0.804305  0.00050
26  0.160680  0.954204  0.859945      0.810665  0.00050
27  0.146814  0.958052  1.074647      0.787182  0.00050
28  0.186769  0.951107  1.654900      0.736301  0.00050
29  0.182751  0.948574  1.173720      0.763209  0.00050
30  0.194053  0.944444  0.802293      0.780822  0.00050
31  0.165503  0.950826  0.800362      0.808219  0.00040
32  0.139150  0.957676  0.787453      0.824364  0.00040
33  0.159847  0.951483  0.849566      0.813601  0.00040
34  0.145423  0.957770  0.851961      0.788160  0.00040
35  0.162236  0.950920  0.804867      0.814579  0.00040
36  0.138603  0.958709  0.809818      0.821429  0.00040
37  0.118638  0.966779  0.788551      0.819961  0.00040
38  0.122731  0.964902  0.847337      0.810176  0.00040
39  0.106054  0.967999  0.826226      0.806751  0.00040
40  0.090351  0.973536  0.831621      0.821429  0.00040
41  0.106110  0.970252  0.870745      0.823386  0.00040
42  0.105655  0.969313  0.823921      0.823386  0.00040
43  0.090630  0.974662  0.817044      0.840998  0.00040
44  0.109684  0.968656  0.887503      0.802348  0.00040
45  0.128391  0.961899  0.822769      0.820450  0.00040
46  0.098000  0.971565  0.792814      0.830235  0.00040
47  0.109347  0.967530  0.755313      0.832192  0.00040
48  0.093390  0.972128  0.841583      0.816536  0.00040
49  0.104140  0.968281  0.874916      0.811155  0.00040
50  0.077504  0.979073  0.814729      0.827789  0.00040
51  0.080018  0.978510  0.901439      0.820450  0.00040
52  0.120424  0.965935  0.910359      0.797456  0.00040
53  0.109433  0.967812  0.889829      0.807730  0.00040
54  0.080451  0.976539  0.984572      0.817025  0.00040
55  0.088976  0.975225  0.897503      0.834149  0.00040
56  0.104517  0.971941  0.994268      0.766634  0.00040
57  0.107971  0.967155  0.889282      0.822896  0.00040
58  0.099951  0.972504  1.110420      0.793053  0.00040
59  0.113117  0.968656  0.952121      0.818004  0.00040
60  0.118821  0.965841  1.120553      0.794521  0.00040
61  0.104576  0.969125  1.254266      0.779843  0.00032
62  0.106933  0.970815  1.403133      0.774951  0.00032
63  0.113091  0.967905  1.571253      0.742172  0.00032
64  0.099818  0.972316  1.601560      0.736301  0.00032
65  0.093769  0.974099  1.448036      0.765166  0.00032

Model: "sequential_3"
_________________________________________________________________
Layer (type)                 Output Shape              Param #   
=================================================================
batch_normalization_14 (Batc (None, 256, 36)           144       
_________________________________________________________________
lstm_4 (LSTM)                (None, 128)               84480     
_________________________________________________________________
dropout_2 (Dropout)          (None, 128)               0         
_________________________________________________________________
dense_6 (Dense)              (None, 100)               12900     
_________________________________________________________________
dense_7 (Dense)              (None, 11)                1111      
=================================================================
Total params: 98,635
Trainable params: 98,563
Non-trainable params: 72
_________________________________________________________________

+++Hyperparameters+++
Number of Epochs: 100
Batch Size: 64
N hidden: 128
Learning rate: 0.0005
Regularization rate: 9.3e-05


Test Accuracy: 86.04651093482971
Test Loss: 0.6571468710899353



Classification Report
                   precision    recall  f1-score   support

            lying       0.89      0.95      0.92       182
          sitting       0.87      0.86      0.87       178
         standing       0.91      0.46      0.61       188
          walking       0.99      0.95      0.97       198
          running       0.99      0.92      0.95       173
          cycling       0.99      0.96      0.97       159
   nordic walking       0.96      0.97      0.97       207
 ascending stairs       0.61      0.88      0.72       104
descending stairs       0.67      0.75      0.71        88
  vacuum cleaning       0.73      0.68      0.70       164
          ironing       0.80      0.97      0.87       294

         accuracy                           0.86      1935
        macro avg       0.86      0.85      0.84      1935
     weighted avg       0.87      0.86      0.86      1935



Confusion Matrix
[[173   0   1   0   0   0   0   5   1   2   0]
 [ 15 153   3   0   0   0   0   1   2   4   0]
 [  0  12  86   0   0   0   0   1   7  15  67]
 [  0   0   0 188   0   0   1   3   6   0   0]
 [  3   0   0   0 159   0   0   4   2   5   0]
 [  0   0   1   0   0 152   0   0   2   3   1]
 [  0   1   0   0   0   1 201   4   0   0   0]
 [  1   2   2   0   0   0   0  91   1   5   2]
 [  2   4   0   0   1   0   4   5  66   4   2]
 [  0   1   0   1   0   1   3  36  10 112   0]
 [  0   2   2   0   0   0   0   0   2   4 284]]


Normalised Confusion Matrix: True
                   lying  sitting  standing  walking  running  cycling  \
lying              95.05     0.00      0.55     0.00     0.00     0.00   
sitting             8.43    85.96      1.69     0.00     0.00     0.00   
standing            0.00     6.38     45.74     0.00     0.00     0.00   
walking             0.00     0.00      0.00    94.95     0.00     0.00   
running             1.73     0.00      0.00     0.00    91.91     0.00   
cycling             0.00     0.00      0.63     0.00     0.00    95.60   
nordic walking      0.00     0.48      0.00     0.00     0.00     0.48   
ascending stairs    0.96     1.92      1.92     0.00     0.00     0.00   
descending stairs   2.27     4.55      0.00     0.00     1.14     0.00   
vacuum cleaning     0.00     0.61      0.00     0.61     0.00     0.61   
ironing             0.00     0.68      0.68     0.00     0.00     0.00   

                   nordic walking  ascending stairs  descending stairs  \
lying                        0.00              2.75               0.55   
sitting                      0.00              0.56               1.12   
standing                     0.00              0.53               3.72   
walking                      0.51              1.52               3.03   
running                      0.00              2.31               1.16   
cycling                      0.00              0.00               1.26   
nordic walking              97.10              1.93               0.00   
ascending stairs             0.00             87.50               0.96   
descending stairs            4.55              5.68              75.00   
vacuum cleaning              1.83             21.95               6.10   
ironing                      0.00              0.00               0.68   

                   vacuum cleaning  ironing  
lying                         1.10     0.00  
sitting                       2.25     0.00  
standing                      7.98    35.64  
walking                       0.00     0.00  
running                       2.89     0.00  
cycling                       1.89     0.63  
nordic walking                0.00     0.00  
ascending stairs              4.81     1.92  
descending stairs             4.55     2.27  
vacuum cleaning              68.29     0.00  
ironing                       1.36    96.60  


Finished working on: vLSTM at: 2021-02-08 20:15:34.307799 -> 234.90342497825623

BiLSTM Model : 2021-02-08 20:21:19.279446
Model History 
        loss  accuracy  val_loss  val_accuracy      lr
0   1.014201  0.702515  1.022838      0.698141  0.0005
1   0.372993  0.897992  0.685248      0.808219  0.0005
2   0.260428  0.932057  0.629277      0.812133  0.0005
3   0.205840  0.946321  0.623026      0.827299  0.0005
4   0.195438  0.949137  0.588814      0.830235  0.0005
5   0.168154  0.954017  0.662091      0.808708  0.0005
6   0.185785  0.949981  0.625217      0.826321  0.0005
7   0.145883  0.959741  0.584366      0.831703  0.0005
8   0.111944  0.972035  0.571614      0.845401  0.0005
9   0.122762  0.967812  0.623590      0.832681  0.0005
10  0.097447  0.975507  0.644228      0.840509  0.0005
11  0.094761  0.975882  0.692387      0.814579  0.0005
12  0.075075  0.982920  0.754744      0.774462  0.0005
13  0.072522  0.983765  0.632648      0.839041  0.0005
14  0.075342  0.983859  0.721024      0.802838  0.0005
15  0.103214  0.972504  0.674005      0.798924  0.0005
16  0.073247  0.983108  0.631154      0.836106  0.0005
17  0.071802  0.984422  0.785940      0.781800  0.0005
18  0.075082  0.983483  0.681130      0.823875  0.0005
19  0.061623  0.986862  0.713592      0.815558  0.0005
20  0.054398  0.989302  0.821437      0.768102  0.0005
21  0.053828  0.989959  0.758753      0.804305  0.0005
22  0.055537  0.989959  0.778304      0.786693  0.0005
23  0.061884  0.988270  0.775257      0.814090  0.0005
24  0.050092  0.991648  0.847270      0.800881  0.0005
25  0.056623  0.988739  0.839972      0.795010  0.0005
26  0.053231  0.989020  0.782966      0.812622  0.0005
27  0.050624  0.989865  0.887223      0.792074  0.0005
28  0.068114  0.985830  0.837141      0.798924  0.0005
29  0.048595  0.990616  0.805339      0.814579  0.0005
30  0.044721  0.991742  0.732815      0.836106  0.0005
31  0.055856  0.988926  0.762399      0.829746  0.0005
32  0.044977  0.992117  0.715943      0.840509  0.0005
33  0.043624  0.992868  0.758144      0.832681  0.0005
34  0.038909  0.994557  0.818380      0.826321  0.0005
35  0.035910  0.995402  0.812631      0.828767  0.0005
36  0.036312  0.995026  0.691213      0.840509  0.0005
37  0.040607  0.993243  0.750539      0.827789  0.0005
38  0.037157  0.993994  0.732448      0.832192  0.0005
39  0.040100  0.993243  0.796581      0.823386  0.0005
40  0.040157  0.992868  0.726080      0.837573  0.0005
41  0.038296  0.993994  0.779513      0.827789  0.0005
42  0.036284  0.994182  0.763742      0.833170  0.0005
43  0.044487  0.991929  0.724407      0.828278  0.0005
44  0.050178  0.990428  0.713515      0.842466  0.0005
45  0.050425  0.989302  0.759842      0.832192  0.0005
46  0.037824  0.995214  0.796320      0.818004  0.0004
47  0.036138  0.994557  0.827981      0.804305  0.0004
48  0.031838  0.996059  0.805520      0.815068  0.0004
49  0.034452  0.994745  0.774500      0.831213  0.0004
50  0.029981  0.996340  0.744241      0.838552  0.0004
51  0.028958  0.996903  0.781013      0.835127  0.0004
52  0.028873  0.996997  0.813532      0.827299  0.0004
53  0.027717  0.997279  0.782813      0.834149  0.0004
54  0.028388  0.996528  0.874659      0.793053  0.0004
55  0.029359  0.996152  0.823852      0.807730  0.0004
56  0.031065  0.995683  0.872397      0.792564  0.0004
57  0.027762  0.996715  0.845856      0.795010  0.0004
58  0.026940  0.997091  0.786937      0.823875  0.0004

Model: "sequential_4"
_________________________________________________________________
Layer (type)                 Output Shape              Param #   
=================================================================
batch_normalization_15 (Batc (None, 256, 36)           144       
_________________________________________________________________
bidirectional (Bidirectional (None, 256)               168960    
_________________________________________________________________
dense_8 (Dense)              (None, 100)               25700     
_________________________________________________________________
dense_9 (Dense)              (None, 11)                1111      
=================================================================
Total params: 195,915
Trainable params: 195,843
Non-trainable params: 72
_________________________________________________________________

+++Hyperparameters+++
Number of Epochs: 350
Batch Size: 64
N hidden: 128
Learning rate: 0.0005
Regularization rate: 9.3e-05
Depth: 1
Merge mode: concat


Test Accuracy: 86.61498427391052
Test Loss: 0.6184783577919006



Classification Report
                   precision    recall  f1-score   support

            lying       0.96      0.95      0.95       182
          sitting       0.97      0.95      0.96       178
         standing       0.79      0.31      0.45       188
          walking       0.97      0.98      0.97       198
          running       1.00      0.92      0.96       173
          cycling       0.99      0.96      0.98       159
   nordic walking       0.95      0.98      0.96       207
 ascending stairs       0.69      0.87      0.77       104
descending stairs       0.77      0.82      0.79        88
  vacuum cleaning       0.86      0.70      0.77       164
          ironing       0.69      0.99      0.81       294

         accuracy                           0.87      1935
        macro avg       0.88      0.86      0.85      1935
     weighted avg       0.88      0.87      0.86      1935



Confusion Matrix
[[173   3   2   0   0   0   0   4   0   0   0]
 [  0 169   4   0   0   0   0   0   0   5   0]
 [  0   1  59   0   0   0   0   0   2   2 124]
 [  0   0   1 194   0   0   0   1   2   0   0]
 [  6   0   0   3 159   0   0   2   3   0   0]
 [  0   0   1   0   0 153   0   0   1   3   1]
 [  0   0   0   0   0   1 202   3   1   0   0]
 [  1   0   2   1   0   0   2  90   4   2   2]
 [  1   0   0   0   0   0   2   4  72   6   3]
 [  0   1   6   2   0   0   5  26   8 114   2]
 [  0   0   0   0   0   0   1   1   1   0 291]]


Normalised Confusion Matrix: True
                   lying  sitting  standing  walking  running  cycling  \
lying              95.05     1.65      1.10     0.00     0.00     0.00   
sitting             0.00    94.94      2.25     0.00     0.00     0.00   
standing            0.00     0.53     31.38     0.00     0.00     0.00   
walking             0.00     0.00      0.51    97.98     0.00     0.00   
running             3.47     0.00      0.00     1.73    91.91     0.00   
cycling             0.00     0.00      0.63     0.00     0.00    96.23   
nordic walking      0.00     0.00      0.00     0.00     0.00     0.48   
ascending stairs    0.96     0.00      1.92     0.96     0.00     0.00   
descending stairs   1.14     0.00      0.00     0.00     0.00     0.00   
vacuum cleaning     0.00     0.61      3.66     1.22     0.00     0.00   
ironing             0.00     0.00      0.00     0.00     0.00     0.00   

                   nordic walking  ascending stairs  descending stairs  \
lying                        0.00              2.20               0.00   
sitting                      0.00              0.00               0.00   
standing                     0.00              0.00               1.06   
walking                      0.00              0.51               1.01   
running                      0.00              1.16               1.73   
cycling                      0.00              0.00               0.63   
nordic walking              97.58              1.45               0.48   
ascending stairs             1.92             86.54               3.85   
descending stairs            2.27              4.55              81.82   
vacuum cleaning              3.05             15.85               4.88   
ironing                      0.34              0.34               0.34   

                   vacuum cleaning  ironing  
lying                         0.00     0.00  
sitting                       2.81     0.00  
standing                      1.06    65.96  
walking                       0.00     0.00  
running                       0.00     0.00  
cycling                       1.89     0.63  
nordic walking                0.00     0.00  
ascending stairs              1.92     1.92  
descending stairs             6.82     3.41  
vacuum cleaning              69.51     1.22  
ironing                       0.00    98.98  


Finished working on: BiLSTM at: 2021-02-08 20:21:21.955282 -> 347.6474828720093

Accuracy comparison 
                       0
iSPLInception  89.095604
CNN            86.666667
CNN_LSTM       88.940567
vLSTM          86.046511
BiLSTM         86.614984

Loss comparison 
                      0
iSPLInception  0.732280
CNN            0.513595
CNN_LSTM       0.598371
vLSTM          0.657147
BiLSTM         0.618478
