This is the report for the pamap2 Dataset

Data Distribution: 

Train:  X -> (10656, 256, 36) Class count -> [1135, 1056, 1117, 1359, 383, 926, 1031, 700, 629, 1015, 1305] 

                   frequency
lying              10.651277
sitting             9.909910
standing           10.482357
walking            12.753378
running             3.594219
cycling             8.689939
nordic walking      9.675301
ascending stairs    6.569069
descending stairs   5.902778
vacuum cleaning     9.525150
ironing            12.246621

Validation:  X -> (2044, 256, 36) Class count -> [184, 209, 173, 239, 189, 190, 202, 112, 99, 190, 257] 

                   frequency
lying               9.001957
sitting            10.225049
standing            8.463797
walking            11.692760
running             9.246575
cycling             9.295500
nordic walking      9.882584
ascending stairs    5.479452
descending stairs   4.843444
vacuum cleaning     9.295500
ironing            12.573385

Test:  X -> (1935, 256, 36) Class count -> [182, 178, 188, 198, 173, 159, 207, 104, 88, 164, 294] 

                   frequency
lying               9.405684
sitting             9.198967
standing            9.715762
walking            10.232558
running             8.940569
cycling             8.217054
nordic walking     10.697675
ascending stairs    5.374677
descending stairs   4.547803
vacuum cleaning     8.475451
ironing            15.193799

sLSTM Model : 2021-02-08 19:42:49.336762
Model History 
        loss  accuracy  val_loss  val_accuracy      lr
0   0.987390  0.722785  1.336766      0.655577  0.0005
1   0.446839  0.880537  0.720625      0.810665  0.0005
2   0.370843  0.902684  0.731892      0.818982  0.0005
3   0.366190  0.905124  0.733986      0.818493  0.0005
4   0.297219  0.926426  0.718884      0.825832  0.0005
5   0.264694  0.933934  0.948708      0.748043  0.0005
6   0.251839  0.935717  0.806705      0.821429  0.0005
7   0.280937  0.927646  1.192070      0.714286  0.0005
8   0.278750  0.926520  0.720894      0.840509  0.0005
9   0.213900  0.944632  0.795767      0.824853  0.0005
10  0.286267  0.923517  0.795651      0.802838  0.0005
11  0.229529  0.941066  0.738100      0.841977  0.0005
12  0.203818  0.948949  0.805918      0.838552  0.0005
13  0.193308  0.950075  0.934450      0.786693  0.0005
14  0.199561  0.947541  0.769052      0.822896  0.0005
15  0.185025  0.952046  0.692651      0.835127  0.0005
16  0.160070  0.958990  0.733370      0.831703  0.0005
17  0.290921  0.924268  0.999953      0.740704  0.0005
18  0.230864  0.939846  0.908999      0.805284  0.0005
19  0.208782  0.946227  1.010975      0.786204  0.0005
20  0.179265  0.954204  0.977920      0.792564  0.0005
21  0.166114  0.957020  0.840721      0.826321  0.0005
22  0.148500  0.962087  0.765695      0.848337  0.0005
23  0.163856  0.956832  1.326472      0.659980  0.0005
24  0.226256  0.941160  0.917714      0.810665  0.0005
25  0.179965  0.952515  0.872043      0.817515  0.0005
26  0.151341  0.959929  0.893072      0.818493  0.0005
27  0.146496  0.959366  0.970725      0.799902  0.0005
28  0.150170  0.960867  0.857576      0.833659  0.0005
29  0.123543  0.967342  1.018162      0.812622  0.0005
30  0.119818  0.966310  1.191997      0.785714  0.0005
31  0.136123  0.963964  1.026783      0.791585  0.0005
32  0.110400  0.970721  0.884882      0.813112  0.0005
33  0.108080  0.972222  0.897383      0.838552  0.0005
34  0.119162  0.969407  1.089324      0.788160  0.0005
35  0.111721  0.973348  0.803986      0.849315  0.0005
36  0.120747  0.968562  0.907854      0.840998  0.0005
37  0.118609  0.968281  1.102128      0.789628  0.0005
38  0.112880  0.971471  0.874701      0.841487  0.0005
39  0.117988  0.970158  1.114019      0.769080  0.0005
40  0.102538  0.974005  1.175948      0.753425  0.0005
41  0.099625  0.974756  0.949484      0.801859  0.0005
42  0.098674  0.976539  1.022359      0.808219  0.0005
43  0.109811  0.971941  1.301443      0.754403  0.0005
44  0.105333  0.975131  0.991532      0.804305  0.0005
45  0.087639  0.979917  1.159786      0.805284  0.0005
46  0.088400  0.978791  0.877887      0.847358  0.0005
47  0.086972  0.979073  0.973643      0.843444  0.0005
48  0.086152  0.979730  0.933195      0.838552  0.0005
49  0.084073  0.979917  1.068196      0.825832  0.0005
50  0.082108  0.980480  0.986724      0.838552  0.0005
51  0.090822  0.978791  1.343087      0.795988  0.0005
52  0.098896  0.975601  1.084088      0.815558  0.0005
53  0.093401  0.979073  1.228785      0.797456  0.0005
54  0.094724  0.977196  1.048258      0.805284  0.0005
55  0.080065  0.983108  1.255845      0.764677  0.0005
56  0.073068  0.984891  1.354412      0.763699  0.0005
57  0.075992  0.985079  1.034494      0.839041  0.0005
58  0.072310  0.984516  1.259065      0.799902  0.0005
59  0.070492  0.985267  0.982246      0.841977  0.0005
60  0.069221  0.984985  1.023042      0.833659  0.0005
61  0.138737  0.966122  0.877230      0.823875  0.0005
62  0.138367  0.965184  1.106524      0.784736  0.0005
63  0.124687  0.970064  0.877417      0.851761  0.0005
64  0.108492  0.973255  0.907656      0.853718  0.0005
65  0.089248  0.977947  0.881295      0.835616  0.0005

Model: "sequential"
_________________________________________________________________
Layer (type)                 Output Shape              Param #   
=================================================================
batch_normalization (BatchNo (None, 256, 36)           144       
_________________________________________________________________
preprocess (Dense)           (None, 256, 100)          3700      
_________________________________________________________________
lstm (LSTM)                  (None, 256, 128)          117248    
_________________________________________________________________
dropout (Dropout)            (None, 256, 128)          0         
_________________________________________________________________
lstm_1 (LSTM)                (None, 128)               131584    
_________________________________________________________________
dense (Dense)                (None, 100)               12900     
_________________________________________________________________
output (Dense)               (None, 11)                1111      
=================================================================
Total params: 266,687
Trainable params: 266,615
Non-trainable params: 72
_________________________________________________________________

+++Hyperparameters+++
Number of Epochs: 350
Batch Size: 64
N hidden: 128
Learning rate: 0.0005
Regularization rate: 9.3e-05
Depth: 4


Test Accuracy: 88.42377066612244
Test Loss: 0.46973472833633423



Classification Report
                   precision    recall  f1-score   support

            lying       0.95      0.97      0.96       182
          sitting       0.99      0.75      0.85       178
         standing       0.75      0.82      0.79       188
          walking       0.94      0.90      0.92       198
          running       1.00      0.92      0.96       173
          cycling       0.99      0.97      0.98       159
   nordic walking       0.98      0.96      0.97       207
 ascending stairs       0.57      0.92      0.71       104
descending stairs       0.73      0.82      0.77        88
  vacuum cleaning       0.87      0.67      0.76       164
          ironing       0.90      0.94      0.92       294

         accuracy                           0.88      1935
        macro avg       0.88      0.88      0.87      1935
     weighted avg       0.90      0.88      0.89      1935



Confusion Matrix
[[176   0   1   1   0   0   0   2   2   0   0]
 [  2 134  26   6   0   0   2   1   2   5   0]
 [  0   1 155   1   0   0   0   3   0   2  26]
 [  0   0   0 178   0   0   1  17   2   0   0]
 [  6   0   0   0 160   0   0   6   1   0   0]
 [  0   0   4   0   0 155   0   0   0   0   0]
 [  0   0   0   3   0   1 198   2   3   0   0]
 [  0   0   7   0   0   0   0  96   0   0   1]
 [  1   0   4   0   0   0   0   7  72   2   2]
 [  0   1   0   1   0   1   1  32  17 110   1]
 [  0   0   9   0   0   0   0   1   0   7 277]]


Normalised Confusion Matrix: True
                   lying  sitting  standing  walking  running  cycling  \
lying              96.70     0.00      0.55     0.55     0.00     0.00   
sitting             1.12    75.28     14.61     3.37     0.00     0.00   
standing            0.00     0.53     82.45     0.53     0.00     0.00   
walking             0.00     0.00      0.00    89.90     0.00     0.00   
running             3.47     0.00      0.00     0.00    92.49     0.00   
cycling             0.00     0.00      2.52     0.00     0.00    97.48   
nordic walking      0.00     0.00      0.00     1.45     0.00     0.48   
ascending stairs    0.00     0.00      6.73     0.00     0.00     0.00   
descending stairs   1.14     0.00      4.55     0.00     0.00     0.00   
vacuum cleaning     0.00     0.61      0.00     0.61     0.00     0.61   
ironing             0.00     0.00      3.06     0.00     0.00     0.00   

                   nordic walking  ascending stairs  descending stairs  \
lying                        0.00              1.10               1.10   
sitting                      1.12              0.56               1.12   
standing                     0.00              1.60               0.00   
walking                      0.51              8.59               1.01   
running                      0.00              3.47               0.58   
cycling                      0.00              0.00               0.00   
nordic walking              95.65              0.97               1.45   
ascending stairs             0.00             92.31               0.00   
descending stairs            0.00              7.95              81.82   
vacuum cleaning              0.61             19.51              10.37   
ironing                      0.00              0.34               0.00   

                   vacuum cleaning  ironing  
lying                         0.00     0.00  
sitting                       2.81     0.00  
standing                      1.06    13.83  
walking                       0.00     0.00  
running                       0.00     0.00  
cycling                       0.00     0.00  
nordic walking                0.00     0.00  
ascending stairs              0.00     0.96  
descending stairs             2.27     2.27  
vacuum cleaning              67.07     0.61  
ironing                       2.38    94.22  


Finished working on: sLSTM at: 2021-02-08 19:42:52.745796 -> 420.35504484176636

Accuracy comparison 
               0
sLSTM  88.423771

Loss comparison 
              0
sLSTM  0.469735

