This is the report for the opportunity Dataset

Data Distribution: 

Train:  X -> (3045, 90, 77) Class count -> [168, 191, 164, 167, 245, 223, 149, 136, 99, 81, 100, 79, 131, 105, 185, 704, 118] 

                  frequency
Open Door 1        5.517241
Open Door 2        6.272578
Close Door 1       5.385878
Close Door 2       5.484401
Open Fridge        8.045978
Close Fridge       7.323481
Open Dishwasher    4.893268
Close Dishwasher   4.466338
Open Drawer 1      3.251231
Close Drawer 1     2.660099
Open Drawer 2      3.284072
Close Drawer 2     2.594417
Open Drawer 3      4.302135
Close Drawer 3     3.448276
Clean Table        6.075533
Drink from Cup    23.119869
Toggle Switch      3.875205

Validation:  X -> (1087, 90, 77) Class count -> [71, 79, 64, 70, 82, 54, 50, 44, 39, 34, 44, 34, 45, 38, 68, 216, 55] 

                  frequency
Open Door 1        6.531738
Open Door 2        7.267709
Close Door 1       5.887764
Close Door 2       6.439743
Open Fridge        7.543698
Close Fridge       4.967801
Open Dishwasher    4.599816
Close Dishwasher   4.047838
Open Drawer 1      3.587857
Close Drawer 1     3.127875
Open Drawer 2      4.047838
Close Drawer 2     3.127875
Open Drawer 3      4.139834
Close Drawer 3     3.495860
Clean Table        6.255750
Drink from Cup    19.871204
Toggle Switch      5.059798

Test:  X -> (1189, 90, 77) Class count -> [76, 66, 75, 64, 78, 71, 59, 51, 52, 28, 36, 27, 43, 48, 99, 262, 54] 

                  frequency
Open Door 1        6.391926
Open Door 2        5.550883
Close Door 1       6.307822
Close Door 2       5.382675
Open Fridge        6.560135
Close Fridge       5.971405
Open Dishwasher    4.962153
Close Dishwasher   4.289319
Open Drawer 1      4.373423
Close Drawer 1     2.354920
Open Drawer 2      3.027755
Close Drawer 2     2.270816
Open Drawer 3      3.616484
Close Drawer 3     4.037006
Clean Table        8.326324
Drink from Cup    22.035322
Toggle Switch      4.541632

sLSTM Model : 2021-02-10 16:24:00.299441
Model History 
        loss  accuracy  val_loss  val_accuracy      lr
0   2.131033  0.353366  1.915151      0.329347  0.0005
1   1.276805  0.589491  1.674250      0.444342  0.0005
2   0.924535  0.697865  1.463541      0.507820  0.0005
3   0.821437  0.725123  1.008209      0.647654  0.0005
4   0.733909  0.756322  1.025603      0.662373  0.0005
5   0.678109  0.774713  0.860860      0.708372  0.0005
6   0.566543  0.814450  0.891698      0.738730  0.0005
7   0.509464  0.835468  0.870123      0.713891  0.0005
8   0.493819  0.834811  0.782569      0.714811  0.0005
9   0.463851  0.846962  0.836461      0.711132  0.0005
10  0.407120  0.869294  0.735951      0.766329  0.0005
11  0.380329  0.878161  0.723616      0.781049  0.0005
12  0.416147  0.865681  0.802996      0.745170  0.0005
13  0.346516  0.893924  0.785059      0.748850  0.0005
14  0.314088  0.901478  0.956303      0.723091  0.0005
15  0.322786  0.896223  0.652100      0.772769  0.0005
16  0.339553  0.893924  0.673952      0.765409  0.0005
17  0.309230  0.904762  0.761017      0.774609  0.0005
18  0.280345  0.913301  0.691767      0.766329  0.0005
19  0.266048  0.917898  0.749737      0.785649  0.0005
20  0.212617  0.935304  0.773172      0.747930  0.0005
21  0.195919  0.945484  0.830906      0.758050  0.0005
22  0.249881  0.924466  0.730741      0.775529  0.0005
23  0.195842  0.940558  0.992470      0.714811  0.0005
24  0.195117  0.941215  0.802106      0.747930  0.0005
25  0.199636  0.938916  0.834365      0.762649  0.0005
26  0.162959  0.954680  0.745419      0.783809  0.0005
27  0.142405  0.961905  0.801289      0.771849  0.0005
28  0.118965  0.969130  0.903358      0.766329  0.0005
29  0.139852  0.958949  0.812287      0.771849  0.0005
30  0.134767  0.967816  0.806713      0.748850  0.0005
31  0.126680  0.965517  0.970367      0.730451  0.0005
32  0.116774  0.971100  0.808530      0.773689  0.0005
33  0.128302  0.965846  1.021289      0.733211  0.0005
34  0.131712  0.964860  0.955812      0.742410  0.0005
35  0.147928  0.960263  0.923570      0.745170  0.0005
36  0.101433  0.977012  0.881213      0.769089  0.0005
37  0.086513  0.980952  0.778841      0.799448  0.0005
38  0.088068  0.980624  0.845348      0.784729  0.0005
39  0.092876  0.977668  0.888070      0.782889  0.0005
40  0.099857  0.972414  1.018851      0.759890  0.0005
41  0.076337  0.984565  0.837842      0.798528  0.0005
42  0.072822  0.985222  0.927741      0.787489  0.0005
43  0.075432  0.985550  0.969192      0.760810  0.0005
44  0.076079  0.981938  1.146936      0.754370  0.0005
45  0.073176  0.982594  1.563976      0.711132  0.0005
46  0.097155  0.976026  1.299455      0.719411  0.0005
47  0.093744  0.977997  0.998624      0.766329  0.0005
48  0.110298  0.970443  0.994570      0.768169  0.0005
49  0.119482  0.970772  0.980202      0.765409  0.0005
50  0.087339  0.982923  0.887581      0.775529  0.0005
51  0.072009  0.986207  1.054417      0.741490  0.0005
52  0.081636  0.982266  0.961811      0.749770  0.0005
53  0.093450  0.977668  0.893875      0.787489  0.0005
54  0.081928  0.982594  0.914662      0.783809  0.0005
55  0.077770  0.987521  0.947008      0.762649  0.0005
56  0.056815  0.992118  0.954233      0.773689  0.0005
57  0.065134  0.989163  0.925930      0.781969  0.0005
58  0.049852  0.991461  0.987748      0.777369  0.0005
59  0.053230  0.991790  0.801773      0.823367  0.0005
60  0.044005  0.995731  0.919263      0.795768  0.0005
61  0.044782  0.994417  0.994311      0.778289  0.0005
62  0.058216  0.990476  0.932387      0.812328  0.0005
63  0.088347  0.978654  1.412100      0.748850  0.0005
64  0.098686  0.975041  0.887349      0.804968  0.0005
65  0.069794  0.985550  0.777738      0.819687  0.0005

Model: "sequential"
_________________________________________________________________
Layer (type)                 Output Shape              Param #   
=================================================================
batch_normalization (BatchNo (None, 90, 77)            308       
_________________________________________________________________
preprocess (Dense)           (None, 90, 100)           7800      
_________________________________________________________________
lstm (LSTM)                  (None, 90, 128)           117248    
_________________________________________________________________
dropout (Dropout)            (None, 90, 128)           0         
_________________________________________________________________
lstm_1 (LSTM)                (None, 128)               131584    
_________________________________________________________________
dense (Dense)                (None, 100)               12900     
_________________________________________________________________
output (Dense)               (None, 17)                1717      
=================================================================
Total params: 271,557
Trainable params: 271,403
Non-trainable params: 154
_________________________________________________________________

+++Hyperparameters+++
Number of Epochs: 350
Batch Size: 64
N hidden: 128
Learning rate: 0.0005
Regularization rate: 9.3e-05
Depth: 4


Test Accuracy: 80.82422018051147
Test Loss: 0.6404978632926941



Classification Report
                  precision    recall  f1-score   support

     Open Door 1       0.85      0.80      0.82        76
     Open Door 2       0.81      0.88      0.84        66
    Close Door 1       0.85      0.92      0.88        75
    Close Door 2       0.88      0.80      0.84        64
     Open Fridge       0.75      0.91      0.82        78
    Close Fridge       0.78      0.92      0.84        71
 Open Dishwasher       0.73      0.73      0.73        59
Close Dishwasher       0.70      0.73      0.71        51
   Open Drawer 1       0.65      0.63      0.64        52
  Close Drawer 1       0.45      0.50      0.47        28
   Open Drawer 2       0.29      0.11      0.16        36
  Close Drawer 2       0.58      0.52      0.55        27
   Open Drawer 3       0.61      0.77      0.68        43
  Close Drawer 3       0.81      0.44      0.57        48
     Clean Table       0.97      0.90      0.93        99
  Drink from Cup       0.95      0.98      0.96       262
   Toggle Switch       0.76      0.78      0.77        54

        accuracy                           0.81      1189
       macro avg       0.73      0.72      0.72      1189
    weighted avg       0.80      0.81      0.80      1189



Confusion Matrix
[[ 61   1   8   0   1   0   0   1   0   0   0   0   0   0   0   4   0]
 [  1  58   1   5   0   0   0   0   0   0   0   0   0   0   0   0   1]
 [  3   0  69   1   0   0   0   0   0   0   0   0   0   2   0   0   0]
 [  5   7   0  51   0   1   0   0   0   0   0   0   0   0   0   0   0]
 [  1   0   0   0  71   5   0   0   0   0   0   0   0   0   0   0   1]
 [  0   0   0   0   5  65   1   0   0   0   0   0   0   0   0   0   0]
 [  0   0   0   0   5   4  43   4   1   0   0   0   1   0   0   0   1]
 [  0   0   0   0   1   1  10  37   1   0   0   0   0   1   0   0   0]
 [  0   0   0   0   5   1   0   1  33   3   1   2   0   0   0   0   6]
 [  0   0   0   0   1   3   0   0   3  14   1   1   0   1   0   1   3]
 [  0   0   0   0   1   1   2   1  11  12   4   0   3   0   0   0   1]
 [  0   0   0   0   3   1   0   0   1   2   1  14   5   0   0   0   0]
 [  0   0   0   0   0   0   1   0   0   0   5   3  33   1   0   0   0]
 [  0   0   0   0   0   0   1   8   0   0   2   4  12  21   0   0   0]
 [  0   1   0   0   1   0   0   0   0   0   0   0   0   0  89   8   0]
 [  1   0   3   0   0   0   1   0   0   0   0   0   0   0   1 256   0]
 [  0   5   0   1   1   1   0   1   1   0   0   0   0   0   2   0  42]]


Normalised Confusion Matrix: True
                  Open Door 1  Open Door 2  Close Door 1  Close Door 2  \
Open Door 1             80.26         1.32         10.53          0.00   
Open Door 2              1.52        87.88          1.52          7.58   
Close Door 1             4.00         0.00         92.00          1.33   
Close Door 2             7.81        10.94          0.00         79.69   
Open Fridge              1.28         0.00          0.00          0.00   
Close Fridge             0.00         0.00          0.00          0.00   
Open Dishwasher          0.00         0.00          0.00          0.00   
Close Dishwasher         0.00         0.00          0.00          0.00   
Open Drawer 1            0.00         0.00          0.00          0.00   
Close Drawer 1           0.00         0.00          0.00          0.00   
Open Drawer 2            0.00         0.00          0.00          0.00   
Close Drawer 2           0.00         0.00          0.00          0.00   
Open Drawer 3            0.00         0.00          0.00          0.00   
Close Drawer 3           0.00         0.00          0.00          0.00   
Clean Table              0.00         1.01          0.00          0.00   
Drink from Cup           0.38         0.00          1.15          0.00   
Toggle Switch            0.00         9.26          0.00          1.85   

                  Open Fridge  Close Fridge  Open Dishwasher  \
Open Door 1              1.32          0.00             0.00   
Open Door 2              0.00          0.00             0.00   
Close Door 1             0.00          0.00             0.00   
Close Door 2             0.00          1.56             0.00   
Open Fridge             91.03          6.41             0.00   
Close Fridge             7.04         91.55             1.41   
Open Dishwasher          8.47          6.78            72.88   
Close Dishwasher         1.96          1.96            19.61   
Open Drawer 1            9.62          1.92             0.00   
Close Drawer 1           3.57         10.71             0.00   
Open Drawer 2            2.78          2.78             5.56   
Close Drawer 2          11.11          3.70             0.00   
Open Drawer 3            0.00          0.00             2.33   
Close Drawer 3           0.00          0.00             2.08   
Clean Table              1.01          0.00             0.00   
Drink from Cup           0.00          0.00             0.38   
Toggle Switch            1.85          1.85             0.00   

                  Close Dishwasher  Open Drawer 1  Close Drawer 1  \
Open Door 1                   1.32           0.00            0.00   
Open Door 2                   0.00           0.00            0.00   
Close Door 1                  0.00           0.00            0.00   
Close Door 2                  0.00           0.00            0.00   
Open Fridge                   0.00           0.00            0.00   
Close Fridge                  0.00           0.00            0.00   
Open Dishwasher               6.78           1.69            0.00   
Close Dishwasher             72.55           1.96            0.00   
Open Drawer 1                 1.92          63.46            5.77   
Close Drawer 1                0.00          10.71           50.00   
Open Drawer 2                 2.78          30.56           33.33   
Close Drawer 2                0.00           3.70            7.41   
Open Drawer 3                 0.00           0.00            0.00   
Close Drawer 3               16.67           0.00            0.00   
Clean Table                   0.00           0.00            0.00   
Drink from Cup                0.00           0.00            0.00   
Toggle Switch                 1.85           1.85            0.00   

                  Open Drawer 2  Close Drawer 2  Open Drawer 3  \
Open Door 1                0.00            0.00           0.00   
Open Door 2                0.00            0.00           0.00   
Close Door 1               0.00            0.00           0.00   
Close Door 2               0.00            0.00           0.00   
Open Fridge                0.00            0.00           0.00   
Close Fridge               0.00            0.00           0.00   
Open Dishwasher            0.00            0.00           1.69   
Close Dishwasher           0.00            0.00           0.00   
Open Drawer 1              1.92            3.85           0.00   
Close Drawer 1             3.57            3.57           0.00   
Open Drawer 2             11.11            0.00           8.33   
Close Drawer 2             3.70           51.85          18.52   
Open Drawer 3             11.63            6.98          76.74   
Close Drawer 3             4.17            8.33          25.00   
Clean Table                0.00            0.00           0.00   
Drink from Cup             0.00            0.00           0.00   
Toggle Switch              0.00            0.00           0.00   

                  Close Drawer 3  Clean Table  Drink from Cup  Toggle Switch  
Open Door 1                 0.00         0.00            5.26           0.00  
Open Door 2                 0.00         0.00            0.00           1.52  
Close Door 1                2.67         0.00            0.00           0.00  
Close Door 2                0.00         0.00            0.00           0.00  
Open Fridge                 0.00         0.00            0.00           1.28  
Close Fridge                0.00         0.00            0.00           0.00  
Open Dishwasher             0.00         0.00            0.00           1.69  
Close Dishwasher            1.96         0.00            0.00           0.00  
Open Drawer 1               0.00         0.00            0.00          11.54  
Close Drawer 1              3.57         0.00            3.57          10.71  
Open Drawer 2               0.00         0.00            0.00           2.78  
Close Drawer 2              0.00         0.00            0.00           0.00  
Open Drawer 3               2.33         0.00            0.00           0.00  
Close Drawer 3             43.75         0.00            0.00           0.00  
Clean Table                 0.00        89.90            8.08           0.00  
Drink from Cup              0.00         0.38           97.71           0.00  
Toggle Switch               0.00         3.70            0.00          77.78  


Finished working on: sLSTM at: 2021-02-10 16:24:03.072644 -> 85.21820735931396

BiLSTM Model : 2021-02-10 16:29:39.567005
Model History 
         loss  accuracy  val_loss  val_accuracy        lr
0    2.184988  0.350411  2.233460      0.314627  0.000500
1    1.317931  0.630870  1.386111      0.551978  0.000500
2    0.863043  0.743514  1.213761      0.587856  0.000500
3    0.613144  0.818062  1.095827      0.623735  0.000500
4    0.468022  0.855829  0.949002      0.689052  0.000500
5    0.373935  0.890312  0.974919      0.680773  0.000500
6    0.311177  0.903777  0.883496      0.731371  0.000500
7    0.253099  0.929064  0.838191      0.718491  0.000500
8    0.201971  0.953038  0.852976      0.729531  0.000500
9    0.164860  0.965189  0.955279      0.710212  0.000500
10   0.133821  0.971429  0.910741      0.737810  0.000500
11   0.123960  0.972085  0.743290      0.772769  0.000500
12   0.118342  0.979310  0.877698      0.717571  0.000500
13   0.093191  0.983580  0.844237      0.752530  0.000500
14   0.071195  0.992118  0.802525      0.770929  0.000500
15   0.063092  0.993432  0.864697      0.741490  0.000500
16   0.094909  0.981609  1.044731      0.718491  0.000500
17   0.065363  0.992118  1.027982      0.725851  0.000500
18   0.050295  0.996059  0.872595      0.761730  0.000500
19   0.049343  0.995074  0.960479      0.737810  0.000500
20   0.056406  0.992447  0.914438      0.757130  0.000500
21   0.062538  0.987521  0.937774      0.735051  0.000500
22   0.046962  0.995074  1.058370      0.703772  0.000500
23   0.038031  0.997373  1.568979      0.678933  0.000500
24   0.042909  0.995402  0.849818      0.749770  0.000500
25   0.041667  0.996388  0.851606      0.762649  0.000500
26   0.033931  0.998358  0.896402      0.755290  0.000500
27   0.037261  0.997701  0.890399      0.766329  0.000500
28   0.031956  0.997044  0.860143      0.760810  0.000500
29   0.034583  0.996388  0.905660      0.757130  0.000500
30   0.030022  0.999015  0.950449      0.746090  0.000500
31   0.026364  0.999672  0.867920      0.770929  0.000500
32   0.033619  0.998030  0.941711      0.750690  0.000500
33   0.030028  0.997701  0.853774      0.766329  0.000500
34   0.041186  0.994417  0.901430      0.735971  0.000500
35   0.045662  0.994417  0.899794      0.758970  0.000500
36   0.038115  0.996388  0.978092      0.743330  0.000500
37   0.033783  0.998358  0.944394      0.758970  0.000500
38   0.037330  0.996388  0.984659      0.759890  0.000500
39   0.032063  0.996388  0.927595      0.762649  0.000500
40   0.030800  0.998358  0.989287      0.749770  0.000500
41   0.027916  0.998358  0.963135      0.752530  0.000500
42   0.025128  0.999672  0.965873      0.754370  0.000400
43   0.024612  0.998686  0.950047      0.755290  0.000400
44   0.032929  0.996059  1.035730      0.732291  0.000400
45   0.037303  0.995074  0.917838      0.754370  0.000400
46   0.032551  0.996716  1.049031      0.745170  0.000400
47   0.024462  0.999672  1.028260      0.759890  0.000400
48   0.022568  0.999672  1.021135      0.752530  0.000400
49   0.021234  1.000000  1.052760      0.756210  0.000400
50   0.020869  0.999672  1.055979      0.759890  0.000400
51   0.021475  0.999672  1.048100      0.750690  0.000400
52   0.021937  0.999343  1.019237      0.763569  0.000400
53   0.020475  0.999672  1.010035      0.760810  0.000400
54   0.020831  0.999672  1.039375      0.766329  0.000400
55   0.020003  1.000000  1.035949      0.765409  0.000400
56   0.019832  1.000000  1.028841      0.764489  0.000400
57   0.019582  1.000000  1.029766      0.769089  0.000400
58   0.020035  0.999343  1.033277      0.766329  0.000400
59   0.019884  0.999343  1.031503      0.773689  0.000400
60   0.019264  1.000000  1.047666      0.770929  0.000400
61   0.019367  1.000000  1.046777      0.767249  0.000400
62   0.018805  1.000000  1.038954      0.760810  0.000400
63   0.018449  1.000000  1.041567      0.765409  0.000400
64   0.018567  1.000000  1.046923      0.769089  0.000400
65   0.018355  1.000000  1.036672      0.767249  0.000400
66   0.018350  1.000000  1.030160      0.772769  0.000400
67   0.018359  1.000000  1.024103      0.773689  0.000400
68   0.018209  1.000000  1.024831      0.772769  0.000400
69   0.018165  1.000000  1.042259      0.770929  0.000400
70   0.018583  0.999672  1.068100      0.765409  0.000400
71   0.018939  0.999672  1.085361      0.754370  0.000400
72   0.018052  1.000000  1.059573      0.770009  0.000400
73   0.017967  1.000000  1.087312      0.765409  0.000400
74   0.018356  0.999672  1.082993      0.769089  0.000400
75   0.017906  1.000000  1.093803      0.769089  0.000400
76   0.019019  0.999672  1.069634      0.758970  0.000400
77   0.020807  0.998686  1.069489      0.754370  0.000400
78   0.022447  0.998686  1.081123      0.758970  0.000400
79   0.023921  0.999015  1.048581      0.755290  0.000400
80   0.021229  0.999015  1.017757      0.760810  0.000400
81   0.018800  0.999672  1.044997      0.753450  0.000400
82   0.020011  0.999672  1.041430      0.760810  0.000400
83   0.018097  1.000000  1.074702      0.745170  0.000400
84   0.017504  1.000000  1.071304      0.743330  0.000400
85   0.018001  1.000000  1.053791      0.746090  0.000400
86   0.020370  0.999015  1.163738      0.726771  0.000400
87   0.025279  0.997701  1.295827      0.699172  0.000400
88   0.034570  0.994089  1.173670      0.714811  0.000400
89   0.025250  0.998030  1.120450      0.724011  0.000400
90   0.021952  0.999015  1.158825      0.723091  0.000400
91   0.021512  0.999343  1.177746      0.735051  0.000400
92   0.019965  0.999343  1.074560      0.742410  0.000400
93   0.018560  1.000000  1.148306      0.729531  0.000400
94   0.017785  1.000000  1.147918      0.731371  0.000400
95   0.017658  1.000000  1.145039      0.729531  0.000320
96   0.017387  1.000000  1.153282      0.725851  0.000320
97   0.017385  1.000000  1.147026      0.730451  0.000320
98   0.017080  1.000000  1.148603      0.738730  0.000320
99   0.016902  1.000000  1.156528      0.735051  0.000320
100  0.016892  1.000000  1.156011      0.735971  0.000320
101  0.017900  0.999343  1.145112      0.743330  0.000320
102  0.018941  0.999343  1.084391      0.745170  0.000320
103  0.018855  0.999015  1.064595      0.748850  0.000320
104  0.018973  0.999015  1.127243      0.750690  0.000320
105  0.017010  1.000000  1.138164      0.744250  0.000320
106  0.016689  1.000000  1.148455      0.745170  0.000320
107  0.016696  1.000000  1.155569      0.737810  0.000320
108  0.016828  0.999672  1.152975      0.746090  0.000320
109  0.016460  1.000000  1.151103      0.747010  0.000320
110  0.016609  0.999672  1.146038      0.743330  0.000320
111  0.016157  1.000000  1.146281      0.747930  0.000320
112  0.016614  1.000000  1.130178      0.754370  0.000320
113  0.016573  1.000000  1.144245      0.751610  0.000320
114  0.016708  0.999672  1.107606      0.762649  0.000320
115  0.016858  0.999672  1.078584      0.758050  0.000320
116  0.016012  1.000000  1.086429      0.757130  0.000320
117  0.015795  1.000000  1.105340      0.758970  0.000320
118  0.015785  1.000000  1.110302      0.761730  0.000320
119  0.016505  0.999672  1.103674      0.758050  0.000320
120  0.016202  1.000000  1.122134      0.755290  0.000320
121  0.015811  1.000000  1.112533      0.758050  0.000320
122  0.015586  1.000000  1.104451      0.758050  0.000320
123  0.015541  1.000000  1.100203      0.762649  0.000320
124  0.015450  1.000000  1.103587      0.763569  0.000320
125  0.015340  1.000000  1.102736      0.764489  0.000320
126  0.015493  1.000000  1.065846      0.769089  0.000320
127  0.015569  1.000000  1.077299      0.763569  0.000320
128  0.017232  0.999015  1.097132      0.751610  0.000320
129  0.015569  1.000000  1.081311      0.754370  0.000320
130  0.017645  0.998686  1.084193      0.757130  0.000320
131  0.016718  0.999015  1.067158      0.765409  0.000320
132  0.015993  0.999672  1.082399      0.766329  0.000320
133  0.016642  0.999343  1.129607      0.747010  0.000320
134  0.017814  0.999343  1.072402      0.762649  0.000320
135  0.018490  0.998030  1.122877      0.749770  0.000320
136  0.015581  1.000000  1.105428      0.761730  0.000256
137  0.015309  1.000000  1.096751      0.763569  0.000256
138  0.015121  1.000000  1.098341      0.763569  0.000256
139  0.015098  1.000000  1.092188      0.764489  0.000256
140  0.015173  1.000000  1.091181      0.763569  0.000256
141  0.014846  1.000000  1.082177      0.769089  0.000256
142  0.015298  1.000000  1.126708      0.757130  0.000256
143  0.015101  1.000000  1.043597      0.768169  0.000256
144  0.014755  1.000000  1.057518      0.764489  0.000256
145  0.014744  1.000000  1.064722      0.763569  0.000256
146  0.014654  1.000000  1.074665      0.763569  0.000256
147  0.014692  1.000000  1.077104      0.764489  0.000256
148  0.014627  1.000000  1.073945      0.769089  0.000256
149  0.014553  1.000000  1.075169      0.769089  0.000256
150  0.014467  1.000000  1.076923      0.770929  0.000256
151  0.014473  1.000000  1.078684      0.769089  0.000256
152  0.014362  1.000000  1.079305      0.769089  0.000256
153  0.014467  1.000000  1.083824      0.770009  0.000256
154  0.014273  1.000000  1.083492      0.769089  0.000256
155  0.014304  1.000000  1.096800      0.763569  0.000256
156  0.014240  1.000000  1.092491      0.766329  0.000256
157  0.015113  0.999672  1.088457      0.767249  0.000256
158  0.014258  1.000000  1.074719      0.768169  0.000256
159  0.014083  1.000000  1.075063      0.768169  0.000256
160  0.014132  1.000000  1.069269      0.768169  0.000256
161  0.013929  1.000000  1.070358      0.770929  0.000256
162  0.014014  1.000000  1.077144      0.770929  0.000256
163  0.014238  1.000000  1.075580      0.770929  0.000256
164  0.014203  1.000000  1.089875      0.770009  0.000256
165  0.013962  1.000000  1.082586      0.768169  0.000256
166  0.013930  1.000000  1.079807      0.769089  0.000256
167  0.013885  1.000000  1.079577      0.768169  0.000256
168  0.013802  1.000000  1.079346      0.768169  0.000256
169  0.013777  1.000000  1.077954      0.767249  0.000256
170  0.013800  1.000000  1.073711      0.769089  0.000256
171  0.013724  1.000000  1.069551      0.774609  0.000256
172  0.013697  1.000000  1.071146      0.773689  0.000256
173  0.013644  1.000000  1.071337      0.772769  0.000256
174  0.013797  1.000000  1.062581      0.772769  0.000256
175  0.013580  1.000000  1.064531      0.771849  0.000256
176  0.013689  1.000000  1.054749      0.774609  0.000256
177  0.013570  1.000000  1.059322      0.773689  0.000256
178  0.013558  1.000000  1.064322      0.773689  0.000256
179  0.013435  1.000000  1.072139      0.771849  0.000256
180  0.013592  1.000000  1.072763      0.770009  0.000256
181  0.013387  1.000000  1.075108      0.768169  0.000256
182  0.013278  1.000000  1.078436      0.769089  0.000256
183  0.013403  1.000000  1.115201      0.765409  0.000256
184  0.013326  1.000000  1.108198      0.765409  0.000256
185  0.013278  1.000000  1.101346      0.764489  0.000256
186  0.013271  1.000000  1.098708      0.765409  0.000256
187  0.013318  1.000000  1.103776      0.767249  0.000256
188  0.013166  1.000000  1.104989      0.766329  0.000256
189  0.013135  1.000000  1.105610      0.765409  0.000256
190  0.013141  1.000000  1.107491      0.767249  0.000256
191  0.013053  1.000000  1.102550      0.768169  0.000256
192  0.013084  1.000000  1.104060      0.767249  0.000256
193  0.013152  1.000000  1.102645      0.767249  0.000256
194  0.013045  1.000000  1.104534      0.766329  0.000256
195  0.012939  1.000000  1.101606      0.767249  0.000256
196  0.013006  1.000000  1.102824      0.764489  0.000256
197  0.012951  1.000000  1.086016      0.766329  0.000256
198  0.013001  1.000000  1.092201      0.767249  0.000256
199  0.012878  1.000000  1.091015      0.769089  0.000256
200  0.012862  1.000000  1.085102      0.767249  0.000256
201  0.012869  1.000000  1.087533      0.766329  0.000256
202  0.012852  1.000000  1.086470      0.767249  0.000256
203  0.012914  1.000000  1.088171      0.767249  0.000256
204  0.012819  1.000000  1.089332      0.766329  0.000256
205  0.012710  1.000000  1.101440      0.766329  0.000256
206  0.012735  1.000000  1.096725      0.767249  0.000256
207  0.012657  1.000000  1.093060      0.767249  0.000256
208  0.012633  1.000000  1.091689      0.770929  0.000256
209  0.012512  1.000000  1.089181      0.770929  0.000256
210  0.012747  1.000000  1.118890      0.766329  0.000256
211  0.012551  1.000000  1.120190      0.764489  0.000256
212  0.012511  1.000000  1.118591      0.763569  0.000256
213  0.012527  1.000000  1.112781      0.766329  0.000256
214  0.012504  1.000000  1.106255      0.767249  0.000256
215  0.012471  1.000000  1.098145      0.766329  0.000256
216  0.012349  1.000000  1.098449      0.770009  0.000256
217  0.012362  1.000000  1.095653      0.767249  0.000256
218  0.012341  1.000000  1.097322      0.770009  0.000256
219  0.012313  1.000000  1.095291      0.766329  0.000256
220  0.012279  1.000000  1.095259      0.766329  0.000256
221  0.012347  1.000000  1.090320      0.767249  0.000256
222  0.012207  1.000000  1.088897      0.767249  0.000256
223  0.012276  1.000000  1.087224      0.768169  0.000256
224  0.012113  1.000000  1.090308      0.765409  0.000256
225  0.012169  1.000000  1.093103      0.763569  0.000256
226  0.012139  1.000000  1.095223      0.761730  0.000256
227  0.012067  1.000000  1.094589      0.765409  0.000256
228  0.012056  1.000000  1.093957      0.764489  0.000256
229  0.011992  1.000000  1.096054      0.765409  0.000256
230  0.012070  1.000000  1.098847      0.765409  0.000256
231  0.011971  1.000000  1.099397      0.764489  0.000256
232  0.011940  1.000000  1.100942      0.764489  0.000256
233  0.013165  0.999672  1.114967      0.750690  0.000256
234  0.012560  0.999672  1.170905      0.748850  0.000256
235  0.012452  1.000000  1.152353      0.757130  0.000256
236  0.012006  1.000000  1.146974      0.753450  0.000256
237  0.011892  1.000000  1.149473      0.749770  0.000256
238  0.012164  1.000000  1.145212      0.748850  0.000256
239  0.011946  1.000000  1.166124      0.747930  0.000256
240  0.011822  1.000000  1.169699      0.747010  0.000256
241  0.011871  1.000000  1.163226      0.745170  0.000256
242  0.011824  1.000000  1.159997      0.747930  0.000256
243  0.011764  1.000000  1.153565      0.747930  0.000256
244  0.011764  1.000000  1.149372      0.749770  0.000256
245  0.011716  1.000000  1.150216      0.749770  0.000256
246  0.011672  1.000000  1.149527      0.750690  0.000256
247  0.011612  1.000000  1.150059      0.750690  0.000256
248  0.011607  1.000000  1.148958      0.750690  0.000256
249  0.011590  1.000000  1.149849      0.749770  0.000256
250  0.011592  1.000000  1.150491      0.747930  0.000256
251  0.011497  1.000000  1.148196      0.750690  0.000256
252  0.011472  1.000000  1.147993      0.753450  0.000256
253  0.011692  1.000000  1.141420      0.756210  0.000256
254  0.011685  1.000000  1.105861      0.758970  0.000256
255  0.011601  1.000000  1.111787      0.758970  0.000256
256  0.011404  1.000000  1.114243      0.763569  0.000256
257  0.011390  1.000000  1.115766      0.762649  0.000256
258  0.011483  1.000000  1.140524      0.753450  0.000256
259  0.011440  1.000000  1.126524      0.756210  0.000256
260  0.011331  1.000000  1.122481      0.757130  0.000256
261  0.011285  1.000000  1.122201      0.755290  0.000256
262  0.012164  0.999343  1.143948      0.747010  0.000256
263  0.011562  1.000000  1.149868      0.746090  0.000256
264  0.011463  1.000000  1.135778      0.747930  0.000256
265  0.011351  1.000000  1.135852      0.747930  0.000256
266  0.012332  0.999343  1.145322      0.737810  0.000256
267  0.011484  1.000000  1.139980      0.738730  0.000256
268  0.011381  1.000000  1.146717      0.739650  0.000256
269  0.011196  1.000000  1.147690      0.739650  0.000256
270  0.011288  1.000000  1.143839      0.740570  0.000256
271  0.011144  1.000000  1.144358      0.745170  0.000256
272  0.011187  1.000000  1.146585      0.744250  0.000256
273  0.011115  1.000000  1.148756      0.745170  0.000256
274  0.011184  1.000000  1.148056      0.749770  0.000256
275  0.011040  1.000000  1.146799      0.747010  0.000256
276  0.010984  1.000000  1.146768      0.747930  0.000256
277  0.010993  1.000000  1.143348      0.747010  0.000256
278  0.011087  1.000000  1.140736      0.745170  0.000256
279  0.011013  1.000000  1.138299      0.747010  0.000256
280  0.010878  1.000000  1.140876      0.744250  0.000256
281  0.011272  1.000000  1.159006      0.745170  0.000256
282  0.010961  1.000000  1.154592      0.747930  0.000256
283  0.011165  1.000000  1.150913      0.753450  0.000256
284  0.010918  1.000000  1.143174      0.751610  0.000256
285  0.010990  1.000000  1.146378      0.751610  0.000256
286  0.010801  1.000000  1.155381      0.747010  0.000256
287  0.010781  1.000000  1.151475      0.749770  0.000256
288  0.010790  1.000000  1.152615      0.750690  0.000256
289  0.010708  1.000000  1.150063      0.749770  0.000256
290  0.010692  1.000000  1.149204      0.748850  0.000256
291  0.010634  1.000000  1.152665      0.751610  0.000256
292  0.010989  0.999672  1.151809      0.748850  0.000256
293  0.010848  1.000000  1.150533      0.748850  0.000256
294  0.012550  0.999343  1.179884      0.749770  0.000256
295  0.010929  1.000000  1.181076      0.748850  0.000256
296  0.010689  1.000000  1.174033      0.751610  0.000256
297  0.010703  1.000000  1.165170      0.751610  0.000256
298  0.010674  1.000000  1.163195      0.748850  0.000256
299  0.010639  1.000000  1.157308      0.751610  0.000256
300  0.010490  1.000000  1.156544      0.749770  0.000205
301  0.011036  0.999672  1.204050      0.744250  0.000205
302  0.010612  1.000000  1.193265      0.747010  0.000205
303  0.010654  1.000000  1.167360      0.748850  0.000205
304  0.010498  1.000000  1.160354      0.752530  0.000205
305  0.010539  1.000000  1.157683      0.756210  0.000205
306  0.010431  1.000000  1.160906      0.753450  0.000205
307  0.010565  1.000000  1.151832      0.753450  0.000205
308  0.024020  0.995402  1.183137      0.728611  0.000205
309  0.016249  0.998358  1.154945      0.746090  0.000205
310  0.011767  1.000000  1.126355      0.750690  0.000205
311  0.011200  1.000000  1.127787      0.750690  0.000164

Model: "sequential_1"
_________________________________________________________________
Layer (type)                 Output Shape              Param #   
=================================================================
batch_normalization_1 (Batch (None, 90, 77)            308       
_________________________________________________________________
bidirectional (Bidirectional (None, 256)               210944    
_________________________________________________________________
dense_1 (Dense)              (None, 100)               25700     
_________________________________________________________________
dense_2 (Dense)              (None, 17)                1717      
=================================================================
Total params: 238,669
Trainable params: 238,515
Non-trainable params: 154
_________________________________________________________________

+++Hyperparameters+++
Number of Epochs: 350
Batch Size: 64
N hidden: 128
Learning rate: 0.0005
Regularization rate: 9.3e-05
Depth: 1
Merge mode: concat


Test Accuracy: 79.89907264709473
Test Loss: 0.6558636426925659



Classification Report
                  precision    recall  f1-score   support

     Open Door 1       0.89      0.75      0.81        76
     Open Door 2       0.76      0.91      0.83        66
    Close Door 1       0.85      0.85      0.85        75
    Close Door 2       0.91      0.81      0.86        64
     Open Fridge       0.87      0.88      0.88        78
    Close Fridge       0.78      0.86      0.82        71
 Open Dishwasher       0.71      0.61      0.65        59
Close Dishwasher       0.83      0.75      0.78        51
   Open Drawer 1       0.62      0.81      0.70        52
  Close Drawer 1       0.54      0.50      0.52        28
   Open Drawer 2       0.54      0.58      0.56        36
  Close Drawer 2       0.33      0.48      0.39        27
   Open Drawer 3       0.59      0.51      0.55        43
  Close Drawer 3       0.77      0.62      0.69        48
     Clean Table       0.81      0.95      0.87        99
  Drink from Cup       0.96      0.94      0.95       262
   Toggle Switch       0.82      0.59      0.69        54

        accuracy                           0.80      1189
       macro avg       0.74      0.73      0.73      1189
    weighted avg       0.81      0.80      0.80      1189



Confusion Matrix
[[ 57   2   4   4   0   2   0   0   0   0   0   0   0   0   0   7   0]
 [  0  60   2   1   0   0   0   0   0   0   0   0   0   0   0   0   3]
 [  4   0  64   0   0   0   0   0   0   0   0   0   0   6   0   1   0]
 [  1   9   1  52   0   0   0   0   0   0   0   0   0   0   0   0   1]
 [  0   0   0   0  69   7   1   1   0   0   0   0   0   0   0   0   0]
 [  0   0   0   0   6  61   2   0   2   0   0   0   0   0   0   0   0]
 [  0   0   0   0   0   5  36   2   1   1   3   2   7   2   0   0   0]
 [  0   0   0   0   2   0   7  38   4   0   0   0   0   0   0   0   0]
 [  0   0   1   0   0   0   0   1  42   5   3   0   0   0   0   0   0]
 [  0   0   0   0   0   0   0   0   6  14   1   3   0   0   0   2   2]
 [  0   0   0   0   0   0   1   1   7   4  21   0   2   0   0   0   0]
 [  0   0   0   0   0   0   1   0   3   2   2  13   5   0   1   0   0]
 [  0   0   1   0   0   0   2   0   0   0   7  10  22   1   0   0   0]
 [  0   0   0   0   0   0   0   1   0   0   2  12   1  30   2   0   0]
 [  1   0   0   0   0   1   1   0   0   0   0   0   0   0  94   1   1]
 [  0   1   2   0   2   1   0   0   0   0   0   0   0   0  11 245   0]
 [  1   7   0   0   0   1   0   2   3   0   0   0   0   0   8   0  32]]


Normalised Confusion Matrix: True
                  Open Door 1  Open Door 2  Close Door 1  Close Door 2  \
Open Door 1             75.00         2.63          5.26          5.26   
Open Door 2              0.00        90.91          3.03          1.52   
Close Door 1             5.33         0.00         85.33          0.00   
Close Door 2             1.56        14.06          1.56         81.25   
Open Fridge              0.00         0.00          0.00          0.00   
Close Fridge             0.00         0.00          0.00          0.00   
Open Dishwasher          0.00         0.00          0.00          0.00   
Close Dishwasher         0.00         0.00          0.00          0.00   
Open Drawer 1            0.00         0.00          1.92          0.00   
Close Drawer 1           0.00         0.00          0.00          0.00   
Open Drawer 2            0.00         0.00          0.00          0.00   
Close Drawer 2           0.00         0.00          0.00          0.00   
Open Drawer 3            0.00         0.00          2.33          0.00   
Close Drawer 3           0.00         0.00          0.00          0.00   
Clean Table              1.01         0.00          0.00          0.00   
Drink from Cup           0.00         0.38          0.76          0.00   
Toggle Switch            1.85        12.96          0.00          0.00   

                  Open Fridge  Close Fridge  Open Dishwasher  \
Open Door 1              0.00          2.63             0.00   
Open Door 2              0.00          0.00             0.00   
Close Door 1             0.00          0.00             0.00   
Close Door 2             0.00          0.00             0.00   
Open Fridge             88.46          8.97             1.28   
Close Fridge             8.45         85.92             2.82   
Open Dishwasher          0.00          8.47            61.02   
Close Dishwasher         3.92          0.00            13.73   
Open Drawer 1            0.00          0.00             0.00   
Close Drawer 1           0.00          0.00             0.00   
Open Drawer 2            0.00          0.00             2.78   
Close Drawer 2           0.00          0.00             3.70   
Open Drawer 3            0.00          0.00             4.65   
Close Drawer 3           0.00          0.00             0.00   
Clean Table              0.00          1.01             1.01   
Drink from Cup           0.76          0.38             0.00   
Toggle Switch            0.00          1.85             0.00   

                  Close Dishwasher  Open Drawer 1  Close Drawer 1  \
Open Door 1                   0.00           0.00            0.00   
Open Door 2                   0.00           0.00            0.00   
Close Door 1                  0.00           0.00            0.00   
Close Door 2                  0.00           0.00            0.00   
Open Fridge                   1.28           0.00            0.00   
Close Fridge                  0.00           2.82            0.00   
Open Dishwasher               3.39           1.69            1.69   
Close Dishwasher             74.51           7.84            0.00   
Open Drawer 1                 1.92          80.77            9.62   
Close Drawer 1                0.00          21.43           50.00   
Open Drawer 2                 2.78          19.44           11.11   
Close Drawer 2                0.00          11.11            7.41   
Open Drawer 3                 0.00           0.00            0.00   
Close Drawer 3                2.08           0.00            0.00   
Clean Table                   0.00           0.00            0.00   
Drink from Cup                0.00           0.00            0.00   
Toggle Switch                 3.70           5.56            0.00   

                  Open Drawer 2  Close Drawer 2  Open Drawer 3  \
Open Door 1                0.00            0.00           0.00   
Open Door 2                0.00            0.00           0.00   
Close Door 1               0.00            0.00           0.00   
Close Door 2               0.00            0.00           0.00   
Open Fridge                0.00            0.00           0.00   
Close Fridge               0.00            0.00           0.00   
Open Dishwasher            5.08            3.39          11.86   
Close Dishwasher           0.00            0.00           0.00   
Open Drawer 1              5.77            0.00           0.00   
Close Drawer 1             3.57           10.71           0.00   
Open Drawer 2             58.33            0.00           5.56   
Close Drawer 2             7.41           48.15          18.52   
Open Drawer 3             16.28           23.26          51.16   
Close Drawer 3             4.17           25.00           2.08   
Clean Table                0.00            0.00           0.00   
Drink from Cup             0.00            0.00           0.00   
Toggle Switch              0.00            0.00           0.00   

                  Close Drawer 3  Clean Table  Drink from Cup  Toggle Switch  
Open Door 1                 0.00         0.00            9.21           0.00  
Open Door 2                 0.00         0.00            0.00           4.55  
Close Door 1                8.00         0.00            1.33           0.00  
Close Door 2                0.00         0.00            0.00           1.56  
Open Fridge                 0.00         0.00            0.00           0.00  
Close Fridge                0.00         0.00            0.00           0.00  
Open Dishwasher             3.39         0.00            0.00           0.00  
Close Dishwasher            0.00         0.00            0.00           0.00  
Open Drawer 1               0.00         0.00            0.00           0.00  
Close Drawer 1              0.00         0.00            7.14           7.14  
Open Drawer 2               0.00         0.00            0.00           0.00  
Close Drawer 2              0.00         3.70            0.00           0.00  
Open Drawer 3               2.33         0.00            0.00           0.00  
Close Drawer 3             62.50         4.17            0.00           0.00  
Clean Table                 0.00        94.95            1.01           1.01  
Drink from Cup              0.00         4.20           93.51           0.00  
Toggle Switch               0.00        14.81            0.00          59.26  


Finished working on: BiLSTM at: 2021-02-10 16:29:41.838829 -> 338.7661852836609

iSPLInception Model : 2021-02-10 16:45:50.259627
Model History 
         loss  accuracy  val_loss  val_accuracy        lr
0    9.612974  0.567816  9.726396      0.308188  0.000500
1    7.111968  0.777997  8.208171      0.388224  0.000500
2    5.576296  0.850246  7.085951      0.349586  0.000500
3    4.512323  0.875862  6.179530      0.380865  0.000500
4    3.705236  0.909360  5.546139      0.399264  0.000500
5    3.123193  0.917570  4.832594      0.553818  0.000500
6    2.668857  0.926108  4.347722      0.540018  0.000500
7    2.254105  0.944171  3.955497      0.476541  0.000500
8    1.969823  0.949097  3.135091      0.651334  0.000500
9    1.741473  0.952709  2.865291      0.570377  0.000500
10   1.587520  0.945813  2.483955      0.707452  0.000500
11   1.421161  0.952053  2.160707      0.734131  0.000500
12   1.302279  0.952381  2.268185      0.664213  0.000500
13   1.234022  0.946141  2.206030      0.659614  0.000500
14   1.130355  0.948112  2.318674      0.609936  0.000500
15   1.045334  0.953366  1.843575      0.690892  0.000500
16   0.973753  0.962562  1.688225      0.726771  0.000500
17   0.884942  0.965846  1.728703      0.733211  0.000500
18   0.818897  0.969787  1.598211      0.735051  0.000500
19   0.774223  0.968473  1.667212      0.659614  0.000500
20   0.734858  0.969787  1.436374      0.757130  0.000500
21   0.722884  0.968144  1.578200      0.702852  0.000500
22   0.690490  0.967488  1.614521      0.669733  0.000500
23   0.661180  0.965846  1.372837      0.732291  0.000500
24   0.655518  0.964532  1.842550      0.606256  0.000500
25   0.640549  0.963875  1.389253      0.726771  0.000500
26   0.651117  0.957964  1.223752      0.782889  0.000500
27   0.615296  0.966174  1.368078      0.711132  0.000500
28   0.571861  0.970772  1.329853      0.750690  0.000500
29   0.528916  0.980624  1.227509      0.744250  0.000500
30   0.485275  0.989163  1.155123      0.795768  0.000500
31   0.492374  0.977668  1.587794      0.652254  0.000500
32   0.540081  0.960591  1.575048      0.700092  0.000500
33   0.516698  0.968144  1.525915      0.697332  0.000500
34   0.513853  0.969130  1.283196      0.728611  0.000500
35   0.482363  0.974384  1.143428      0.770009  0.000500
36   0.458784  0.980296  1.131262      0.790248  0.000500
37   0.455785  0.974713  1.215217      0.724931  0.000500
38   0.476580  0.970115  1.407988      0.728611  0.000500
39   0.455431  0.974384  1.223785      0.732291  0.000500
40   0.417454  0.980952  1.245643      0.712972  0.000500
41   0.440509  0.972742  1.161865      0.780129  0.000500
42   0.438990  0.971757  2.459495      0.641214  0.000500
43   0.455632  0.973727  1.196244      0.772769  0.000500
44   0.484106  0.962562  1.721211      0.632935  0.000500
45   0.444175  0.976683  1.106981      0.784729  0.000500
46   0.422370  0.979310  1.158242      0.765409  0.000500
47   0.406113  0.979310  1.376325      0.710212  0.000500
48   0.377485  0.983908  1.094795      0.771849  0.000500
49   0.335824  0.990476  1.171172      0.743330  0.000500
50   0.335026  0.983908  1.139185      0.766329  0.000500
51   0.403047  0.967816  1.104574      0.774609  0.000500
52   0.401048  0.972742  1.251523      0.755290  0.000500
53   0.412725  0.968473  1.079006      0.781969  0.000500
54   0.402782  0.974384  1.098779      0.784729  0.000500
55   0.391485  0.978982  1.157977      0.764489  0.000500
56   0.382031  0.975698  1.429290      0.690892  0.000500
57   0.391575  0.976683  1.117455      0.789328  0.000500
58   0.379692  0.977012  1.272949      0.716651  0.000500
59   0.335659  0.986207  1.159781      0.751610  0.000500
60   0.304453  0.990148  1.046211      0.758970  0.000500
61   0.358954  0.972085  1.065557      0.780129  0.000500
62   0.426890  0.957635  1.261189      0.762649  0.000500
63   0.405126  0.974713  1.014022      0.807728  0.000500
64   0.351521  0.985550  1.132370      0.767249  0.000500
65   0.302874  0.994089  0.984622      0.793008  0.000500
66   0.295806  0.988177  1.286753      0.706532  0.000500
67   0.370045  0.966174  0.958116      0.789328  0.000500
68   0.332882  0.983251  0.962529      0.797608  0.000500
69   0.322982  0.983251  0.975543      0.804968  0.000500
70   0.311583  0.985878  0.832421      0.821527  0.000500
71   0.296117  0.985222  1.101861      0.761730  0.000500
72   0.318421  0.981938  1.045246      0.770009  0.000500
73   0.321229  0.981938  1.005265      0.790248  0.000500
74   0.327579  0.976355  1.031262      0.794848  0.000500
75   0.326047  0.979310  1.048694      0.749770  0.000500
76   0.317206  0.985222  1.044561      0.789328  0.000500
77   0.284510  0.990476  1.026127      0.771849  0.000400
78   0.263553  0.993432  0.906809      0.798528  0.000400
79   0.251282  0.992447  0.999364      0.759890  0.000400
80   0.243023  0.991790  0.952156      0.770009  0.000400
81   0.234403  0.994089  0.950932      0.771849  0.000400
82   0.221708  0.994089  0.885855      0.794848  0.000400
83   0.241806  0.987192  1.013811      0.755290  0.000400
84   0.244142  0.989491  0.972938      0.768169  0.000400
85   0.272057  0.983251  1.276248      0.732291  0.000400
86   0.268434  0.985222  0.902622      0.788408  0.000400
87   0.287140  0.981609  1.067543      0.781049  0.000400
88   0.282444  0.979639  0.976580      0.799448  0.000400
89   0.265418  0.986535  1.051373      0.742410  0.000400
90   0.242965  0.990476  0.914746      0.790248  0.000400
91   0.261403  0.982594  0.889596      0.802208  0.000400
92   0.234478  0.994417  1.068195      0.758970  0.000400
93   0.220492  0.992447  0.901504      0.792088  0.000320
94   0.199546  0.996716  0.954383      0.791168  0.000320
95   0.184019  0.998686  0.938372      0.772769  0.000320
96   0.173565  0.997701  0.917993      0.760810  0.000320
97   0.166076  0.997701  0.962841      0.783809  0.000320
98   0.165490  0.996716  0.890574      0.777369  0.000320
99   0.169247  0.994745  0.881517      0.794848  0.000320
100  0.190863  0.990805  0.960118      0.773689  0.000320
101  0.179224  0.995074  0.855940      0.780129  0.000320
102  0.177821  0.994745  1.151581      0.759890  0.000320
103  0.176696  0.994417  0.971563      0.781049  0.000320
104  0.184989  0.992447  0.847000      0.798528  0.000320
105  0.167464  0.995074  0.854960      0.799448  0.000320
106  0.152043  0.998358  0.772661      0.809568  0.000320
107  0.150637  0.998358  0.765936      0.810488  0.000320
108  0.152833  0.997044  0.795081      0.802208  0.000320
109  0.171370  0.991790  1.227217      0.706532  0.000320
110  0.222407  0.982594  0.885357      0.814167  0.000320
111  0.233828  0.984893  0.934724      0.810488  0.000320
112  0.228133  0.984565  1.014682      0.790248  0.000320
113  0.201288  0.993432  0.864115      0.816007  0.000320
114  0.203994  0.990148  0.877904      0.808648  0.000320
115  0.203082  0.987521  0.855350      0.796688  0.000320
116  0.184360  0.995074  0.822213      0.802208  0.000320
117  0.181252  0.995074  1.043374      0.748850  0.000320
118  0.183328  0.992775  0.835846      0.806808  0.000256
119  0.162949  0.998686  0.847829      0.801288  0.000256
120  0.151009  0.999343  0.816978      0.808648  0.000256
121  0.139791  1.000000  0.743446      0.825207  0.000256
122  0.131891  1.000000  0.747812      0.826127  0.000256
123  0.126988  0.999343  0.760061      0.821527  0.000256
124  0.137796  0.995074  0.961375      0.771849  0.000256
125  0.131896  0.998030  0.887249      0.784729  0.000256
126  0.127672  0.998030  0.910025      0.792088  0.000256
127  0.144120  0.994745  0.952495      0.804048  0.000256
128  0.151349  0.992118  0.867291      0.801288  0.000256
129  0.173804  0.989163  1.113523      0.766329  0.000256
130  0.149777  0.997701  0.861266      0.807728  0.000256
131  0.134544  0.999015  0.833753      0.793008  0.000256
132  0.130450  0.997373  0.851642      0.793008  0.000256
133  0.139147  0.994745  0.804653      0.820607  0.000256
134  0.135557  0.995402  0.925241      0.789328  0.000205
135  0.126516  0.998358  0.816232      0.808648  0.000205
136  0.120608  0.999015  0.773687      0.828887  0.000205
137  0.115760  0.998686  0.804881      0.827047  0.000205
138  0.111007  1.000000  0.781824      0.808648  0.000205
139  0.105692  1.000000  0.766361      0.829807  0.000205
140  0.101194  1.000000  0.803726      0.803128  0.000205
141  0.097442  1.000000  0.811611      0.800368  0.000205
142  0.095464  0.999672  0.771510      0.813247  0.000205
143  0.098502  0.998358  0.790919      0.808648  0.000205
144  0.104403  0.997701  0.832316      0.793008  0.000205
145  0.102609  0.998030  0.735915      0.826127  0.000205
146  0.112342  0.995074  0.932178      0.786569  0.000205
147  0.120741  0.992775  1.086801      0.750690  0.000205
148  0.142106  0.992118  1.053662      0.777369  0.000205
149  0.142408  0.992118  1.225726      0.739650  0.000205
150  0.128989  0.995402  0.825731      0.808648  0.000205
151  0.122977  0.996388  0.747736      0.825207  0.000205
152  0.123834  0.996059  0.959743      0.791168  0.000205
153  0.113656  0.999015  0.714307      0.846366  0.000164
154  0.106564  0.999672  0.715856      0.837166  0.000164
155  0.103343  0.999343  0.663039      0.846366  0.000164
156  0.106573  0.997373  0.718272      0.832567  0.000164
157  0.105911  0.997701  0.678643      0.832567  0.000164
158  0.100602  0.999672  0.793334      0.806808  0.000164
159  0.095923  1.000000  0.702332      0.837166  0.000164
160  0.092333  1.000000  0.685889      0.833487  0.000164
161  0.089883  1.000000  0.718815      0.830727  0.000164
162  0.087210  1.000000  0.666517      0.842686  0.000164
163  0.084330  1.000000  0.693118      0.834407  0.000164
164  0.082455  1.000000  0.718732      0.829807  0.000164
165  0.080660  1.000000  0.676862      0.838086  0.000164
166  0.078104  1.000000  0.692257      0.833487  0.000164
167  0.078005  1.000000  0.694069      0.832567  0.000164
168  0.076167  1.000000  0.793554      0.802208  0.000164
169  0.074772  1.000000  0.699245      0.824287  0.000164
170  0.073886  1.000000  0.700560      0.822447  0.000164
171  0.080828  0.996716  1.525152      0.620055  0.000164
172  0.123828  0.993432  0.906736      0.789328  0.000164
173  0.121466  0.993760  0.837266      0.793928  0.000164
174  0.106224  0.996059  0.737409      0.803128  0.000164
175  0.111870  0.995402  0.827661      0.780129  0.000164
176  0.109475  0.997044  0.744356      0.823367  0.000164
177  0.114253  0.994417  0.941709      0.769089  0.000164
178  0.126296  0.992118  0.970021      0.779209  0.000164
179  0.113449  0.996059  0.817789      0.799448  0.000164
180  0.100991  0.999343  0.823484      0.810488  0.000164
181  0.097407  0.998358  0.732483      0.827047  0.000131
182  0.103524  0.997044  0.783535      0.808648  0.000131
183  0.093724  0.998030  0.774365      0.796688  0.000131
184  0.089290  0.999672  0.717543      0.816927  0.000131
185  0.085218  1.000000  0.710418      0.817847  0.000131
186  0.083033  1.000000  0.721876      0.810488  0.000131
187  0.081384  1.000000  0.714983      0.813247  0.000131
188  0.079577  1.000000  0.712095      0.817847  0.000131
189  0.077842  0.999672  0.720518      0.812328  0.000131
190  0.083949  0.998686  0.849872      0.777369  0.000131
191  0.079924  0.999015  0.804723      0.787489  0.000105
192  0.080004  0.998686  0.769317      0.802208  0.000105
193  0.077012  1.000000  0.750773      0.808648  0.000105
194  0.074897  1.000000  0.722050      0.815087  0.000105
195  0.075140  0.999343  0.720793      0.814167  0.000105
196  0.072314  1.000000  0.712987      0.813247  0.000105
197  0.070720  1.000000  0.705981      0.819687  0.000105
198  0.069701  1.000000  0.705779      0.816927  0.000105
199  0.072833  0.999015  0.704263      0.820607  0.000105
200  0.070708  1.000000  0.729778      0.804048  0.000105
201  0.068984  1.000000  0.689360      0.818767  0.000105
202  0.067742  1.000000  0.666092      0.825207  0.000105
203  0.066541  1.000000  0.657767      0.830727  0.000105
204  0.066064  1.000000  0.671315      0.829807  0.000105
205  0.068639  0.999015  0.709381      0.827047  0.000105
206  0.089343  0.994089  0.803757      0.815087  0.000105
207  0.089633  0.995731  0.739948      0.820607  0.000105
208  0.075038  0.999672  0.675775      0.819687  0.000105
209  0.072119  0.999672  0.706332      0.820607  0.000105
210  0.073435  0.999343  0.639742      0.826127  0.000105
211  0.071652  0.999015  0.663845      0.827967  0.000105
212  0.068991  1.000000  0.651186      0.827967  0.000105
213  0.067786  1.000000  0.656373      0.826127  0.000105
214  0.068652  0.999343  0.709320      0.824287  0.000105
215  0.067114  1.000000  0.662793      0.835327  0.000100
216  0.065116  1.000000  0.655072      0.835327  0.000100
217  0.064590  1.000000  0.641689      0.828887  0.000100
218  0.062867  1.000000  0.660087      0.834407  0.000100
219  0.062191  1.000000  0.648184      0.833487  0.000100
220  0.061296  1.000000  0.649313      0.839926  0.000100
221  0.060651  1.000000  0.640018      0.833487  0.000100
222  0.059833  1.000000  0.640560      0.836247  0.000100
223  0.059695  1.000000  0.649126      0.839006  0.000100
224  0.058412  1.000000  0.666674      0.839926  0.000100
225  0.058311  1.000000  0.660896      0.834407  0.000100
226  0.057496  1.000000  0.638509      0.830727  0.000100
227  0.057300  1.000000  0.656152      0.824287  0.000100
228  0.056983  1.000000  0.656708      0.835327  0.000100
229  0.055940  1.000000  0.624603      0.839926  0.000100
230  0.055265  1.000000  0.630226      0.843606  0.000100
231  0.055039  1.000000  0.623509      0.842686  0.000100
232  0.055071  1.000000  0.637117      0.840846  0.000100
233  0.054907  1.000000  0.582875      0.849126  0.000100
234  0.054635  1.000000  0.620344      0.827967  0.000100
235  0.054282  1.000000  0.656003      0.840846  0.000100
236  0.053234  1.000000  0.610705      0.847286  0.000100
237  0.053184  1.000000  0.627095      0.849126  0.000100
238  0.053481  1.000000  0.622070      0.841766  0.000100
239  0.055251  0.999343  0.668123      0.834407  0.000100
240  0.059883  0.999015  0.736098      0.824287  0.000100
241  0.055995  1.000000  0.663746      0.835327  0.000100
242  0.056475  0.999672  0.707058      0.835327  0.000100
243  0.063567  0.998030  0.796679      0.801288  0.000100
244  0.107695  0.987849  1.083795      0.728611  0.000100
245  0.117875  0.987521  1.046850      0.751610  0.000100
246  0.108869  0.993103  0.902342      0.781049  0.000100
247  0.093304  0.996388  0.666648      0.837166  0.000100
248  0.084893  0.997701  0.627656      0.849126  0.000100
249  0.075109  0.999672  0.621126      0.844526  0.000100
250  0.073330  0.999343  0.626828      0.853726  0.000100
251  0.069828  1.000000  0.605789      0.860166  0.000100
252  0.067631  1.000000  0.592410      0.860166  0.000100
253  0.066909  1.000000  0.628238      0.848206  0.000100
254  0.065734  1.000000  0.629148      0.840846  0.000100
255  0.064002  1.000000  0.633657      0.842686  0.000100
256  0.062739  1.000000  0.632189      0.843606  0.000100
257  0.061767  1.000000  0.634087      0.847286  0.000100
258  0.060604  1.000000  0.626875      0.847286  0.000100
259  0.059759  1.000000  0.620607      0.850966  0.000100
260  0.059011  1.000000  0.647868      0.832567  0.000100
261  0.057986  1.000000  0.621702      0.844526  0.000100
262  0.057403  1.000000  0.631819      0.845446  0.000100
263  0.056678  1.000000  0.605935      0.852806  0.000100
264  0.055812  1.000000  0.676748      0.825207  0.000100
265  0.055330  1.000000  0.659768      0.838086  0.000100
266  0.055069  1.000000  0.641350      0.836247  0.000100
267  0.055834  1.000000  0.641216      0.836247  0.000100
268  0.054561  1.000000  0.620030      0.844526  0.000100
269  0.053888  1.000000  0.600880      0.844526  0.000100
270  0.053224  1.000000  0.604191      0.844526  0.000100
271  0.052533  1.000000  0.594897      0.845446  0.000100
272  0.058744  0.998030  0.716667      0.826127  0.000100
273  0.065979  0.998686  0.727085      0.800368  0.000100
274  0.067102  0.997701  0.686382      0.834407  0.000100
275  0.080101  0.996388  0.782248      0.796688  0.000100
276  0.087951  0.993760  0.826389      0.797608  0.000100
277  0.072659  0.998358  0.694956      0.822447  0.000100
278  0.071394  0.997701  0.725539      0.800368  0.000100
279  0.069444  0.998686  0.689644      0.816007  0.000100
280  0.064982  0.998686  0.689584      0.820607  0.000100
281  0.064725  0.999015  0.675719      0.836247  0.000100
282  0.062857  0.999343  0.732211      0.799448  0.000100
283  0.060881  1.000000  0.725907      0.807728  0.000100
284  0.058436  1.000000  0.727205      0.810488  0.000100
285  0.058433  1.000000  0.746266      0.806808  0.000100
286  0.057258  1.000000  0.751877      0.800368  0.000100
287  0.056250  1.000000  0.721281      0.816007  0.000100
288  0.055021  1.000000  0.684103      0.826127  0.000100
289  0.053972  1.000000  0.707880      0.816927  0.000100
290  0.054421  0.999672  0.701877      0.817847  0.000100
291  0.062061  0.998030  0.724664      0.800368  0.000100
292  0.060347  0.999015  0.671606      0.828887  0.000100
293  0.058448  0.999672  0.637874      0.835327  0.000100
294  0.062218  0.998686  0.706020      0.818767  0.000100
295  0.069009  0.997044  0.930217      0.802208  0.000100
296  0.072346  0.998358  1.268342      0.756210  0.000100
297  0.072755  0.997701  1.135797      0.748850  0.000100
298  0.072279  0.998358  0.766650      0.828887  0.000100
299  0.067836  0.999015  0.729458      0.824287  0.000100
300  0.068751  0.999015  0.801583      0.816927  0.000100
301  0.063157  1.000000  0.797044      0.811408  0.000100
302  0.059553  1.000000  0.733919      0.829807  0.000100
303  0.058623  1.000000  0.715391      0.828887  0.000100
304  0.056387  1.000000  0.718444      0.827047  0.000100
305  0.056018  1.000000  0.708030      0.829807  0.000100
306  0.055176  1.000000  0.685989      0.840846  0.000100
307  0.053875  1.000000  0.721371      0.819687  0.000100
308  0.053515  1.000000  0.694470      0.822447  0.000100
309  0.052363  1.000000  0.691466      0.828887  0.000100
310  0.052289  1.000000  0.675662      0.831647  0.000100
311  0.051460  1.000000  0.655276      0.834407  0.000100
312  0.050407  1.000000  0.644998      0.839006  0.000100
313  0.050098  1.000000  0.636691      0.849126  0.000100
314  0.049277  1.000000  0.648348      0.835327  0.000100
315  0.049442  1.000000  0.626913      0.845446  0.000100
316  0.049086  1.000000  0.635303      0.848206  0.000100
317  0.048517  1.000000  0.687739      0.831647  0.000100
318  0.052246  0.998686  0.692752      0.838086  0.000100
319  0.054006  0.999343  0.657356      0.843606  0.000100
320  0.056685  0.997701  0.666699      0.837166  0.000100
321  0.055515  0.999015  0.622626      0.842686  0.000100
322  0.058070  0.998030  0.798839      0.804048  0.000100
323  0.062515  0.997373  0.858147      0.788408  0.000100
324  0.059860  0.999015  0.678176      0.836247  0.000100
325  0.058708  0.999343  0.687596      0.831647  0.000100
326  0.066281  0.997373  0.846405      0.798528  0.000100
327  0.087875  0.991461  1.129690      0.737810  0.000100
328  0.119595  0.987521  1.111093      0.793008  0.000100
329  0.100695  0.992775  0.748116      0.831647  0.000100
330  0.089493  0.994417  0.720318      0.846366  0.000100
331  0.080296  0.997701  0.757848      0.813247  0.000100
332  0.075801  0.998686  0.658837      0.837166  0.000100
333  0.069721  1.000000  0.749783      0.818767  0.000100
334  0.067686  0.999343  0.632251      0.846366  0.000100
335  0.067445  0.999672  0.646844      0.832567  0.000100
336  0.065479  1.000000  0.638167      0.837166  0.000100
337  0.061899  1.000000  0.629681      0.842686  0.000100
338  0.060661  1.000000  0.626533      0.841766  0.000100
339  0.060152  1.000000  0.633303      0.842686  0.000100
340  0.058727  1.000000  0.621753      0.849126  0.000100
341  0.057205  1.000000  0.623695      0.849126  0.000100
342  0.057353  1.000000  0.615447      0.853726  0.000100
343  0.055872  1.000000  0.572822      0.858326  0.000100
344  0.055300  1.000000  0.578173      0.860166  0.000100
345  0.054053  1.000000  0.592163      0.856486  0.000100
346  0.053089  1.000000  0.606798      0.853726  0.000100
347  0.052600  1.000000  0.586730      0.859246  0.000100
348  0.052170  1.000000  0.606294      0.857406  0.000100
349  0.052143  1.000000  0.582905      0.854646  0.000100

Model: "model"
__________________________________________________________________________________________________
Layer (type)                    Output Shape         Param #     Connected to                     
==================================================================================================
input_1 (InputLayer)            [(None, 90, 77)]     0                                            
__________________________________________________________________________________________________
batch_normalization_2 (BatchNor (None, 90, 77)       308         input_1[0][0]                    
__________________________________________________________________________________________________
conv1d (Conv1D)                 (None, 90, 32)       2464        batch_normalization_2[0][0]      
__________________________________________________________________________________________________
max_pooling1d (MaxPooling1D)    (None, 90, 77)       0           batch_normalization_2[0][0]      
__________________________________________________________________________________________________
conv1d_1 (Conv1D)               (None, 90, 64)       139264      conv1d[0][0]                     
__________________________________________________________________________________________________
conv1d_2 (Conv1D)               (None, 90, 64)       69632       conv1d[0][0]                     
__________________________________________________________________________________________________
conv1d_3 (Conv1D)               (None, 90, 64)       34816       conv1d[0][0]                     
__________________________________________________________________________________________________
conv1d_4 (Conv1D)               (None, 90, 64)       4928        max_pooling1d[0][0]              
__________________________________________________________________________________________________
concatenate (Concatenate)       (None, 90, 256)      0           conv1d_1[0][0]                   
                                                                 conv1d_2[0][0]                   
                                                                 conv1d_3[0][0]                   
                                                                 conv1d_4[0][0]                   
__________________________________________________________________________________________________
batch_normalization_3 (BatchNor (None, 90, 256)      1024        concatenate[0][0]                
__________________________________________________________________________________________________
activation (Activation)         (None, 90, 256)      0           batch_normalization_3[0][0]      
__________________________________________________________________________________________________
conv1d_5 (Conv1D)               (None, 90, 32)       8192        activation[0][0]                 
__________________________________________________________________________________________________
max_pooling1d_1 (MaxPooling1D)  (None, 90, 256)      0           activation[0][0]                 
__________________________________________________________________________________________________
conv1d_6 (Conv1D)               (None, 90, 64)       139264      conv1d_5[0][0]                   
__________________________________________________________________________________________________
conv1d_7 (Conv1D)               (None, 90, 64)       69632       conv1d_5[0][0]                   
__________________________________________________________________________________________________
conv1d_8 (Conv1D)               (None, 90, 64)       34816       conv1d_5[0][0]                   
__________________________________________________________________________________________________
conv1d_9 (Conv1D)               (None, 90, 64)       16384       max_pooling1d_1[0][0]            
__________________________________________________________________________________________________
concatenate_1 (Concatenate)     (None, 90, 256)      0           conv1d_6[0][0]                   
                                                                 conv1d_7[0][0]                   
                                                                 conv1d_8[0][0]                   
                                                                 conv1d_9[0][0]                   
__________________________________________________________________________________________________
batch_normalization_4 (BatchNor (None, 90, 256)      1024        concatenate_1[0][0]              
__________________________________________________________________________________________________
activation_1 (Activation)       (None, 90, 256)      0           batch_normalization_4[0][0]      
__________________________________________________________________________________________________
conv1d_10 (Conv1D)              (None, 90, 32)       8192        activation_1[0][0]               
__________________________________________________________________________________________________
max_pooling1d_2 (MaxPooling1D)  (None, 90, 256)      0           activation_1[0][0]               
__________________________________________________________________________________________________
conv1d_11 (Conv1D)              (None, 90, 64)       139264      conv1d_10[0][0]                  
__________________________________________________________________________________________________
conv1d_12 (Conv1D)              (None, 90, 64)       69632       conv1d_10[0][0]                  
__________________________________________________________________________________________________
conv1d_13 (Conv1D)              (None, 90, 64)       34816       conv1d_10[0][0]                  
__________________________________________________________________________________________________
conv1d_14 (Conv1D)              (None, 90, 64)       16384       max_pooling1d_2[0][0]            
__________________________________________________________________________________________________
concatenate_2 (Concatenate)     (None, 90, 256)      0           conv1d_11[0][0]                  
                                                                 conv1d_12[0][0]                  
                                                                 conv1d_13[0][0]                  
                                                                 conv1d_14[0][0]                  
__________________________________________________________________________________________________
conv1d_15 (Conv1D)              (None, 90, 256)      19712       batch_normalization_2[0][0]      
__________________________________________________________________________________________________
batch_normalization_5 (BatchNor (None, 90, 256)      1024        concatenate_2[0][0]              
__________________________________________________________________________________________________
batch_normalization_6 (BatchNor (None, 90, 256)      1024        conv1d_15[0][0]                  
__________________________________________________________________________________________________
activation_2 (Activation)       (None, 90, 256)      0           batch_normalization_5[0][0]      
__________________________________________________________________________________________________
add (Add)                       (None, 90, 256)      0           batch_normalization_6[0][0]      
                                                                 activation_2[0][0]               
__________________________________________________________________________________________________
activation_3 (Activation)       (None, 90, 256)      0           add[0][0]                        
__________________________________________________________________________________________________
conv1d_16 (Conv1D)              (None, 90, 32)       8192        activation_3[0][0]               
__________________________________________________________________________________________________
max_pooling1d_3 (MaxPooling1D)  (None, 90, 256)      0           activation_3[0][0]               
__________________________________________________________________________________________________
conv1d_17 (Conv1D)              (None, 90, 64)       139264      conv1d_16[0][0]                  
__________________________________________________________________________________________________
conv1d_18 (Conv1D)              (None, 90, 64)       69632       conv1d_16[0][0]                  
__________________________________________________________________________________________________
conv1d_19 (Conv1D)              (None, 90, 64)       34816       conv1d_16[0][0]                  
__________________________________________________________________________________________________
conv1d_20 (Conv1D)              (None, 90, 64)       16384       max_pooling1d_3[0][0]            
__________________________________________________________________________________________________
concatenate_3 (Concatenate)     (None, 90, 256)      0           conv1d_17[0][0]                  
                                                                 conv1d_18[0][0]                  
                                                                 conv1d_19[0][0]                  
                                                                 conv1d_20[0][0]                  
__________________________________________________________________________________________________
batch_normalization_7 (BatchNor (None, 90, 256)      1024        concatenate_3[0][0]              
__________________________________________________________________________________________________
activation_4 (Activation)       (None, 90, 256)      0           batch_normalization_7[0][0]      
__________________________________________________________________________________________________
conv1d_21 (Conv1D)              (None, 90, 32)       8192        activation_4[0][0]               
__________________________________________________________________________________________________
max_pooling1d_4 (MaxPooling1D)  (None, 90, 256)      0           activation_4[0][0]               
__________________________________________________________________________________________________
conv1d_22 (Conv1D)              (None, 90, 64)       139264      conv1d_21[0][0]                  
__________________________________________________________________________________________________
conv1d_23 (Conv1D)              (None, 90, 64)       69632       conv1d_21[0][0]                  
__________________________________________________________________________________________________
conv1d_24 (Conv1D)              (None, 90, 64)       34816       conv1d_21[0][0]                  
__________________________________________________________________________________________________
conv1d_25 (Conv1D)              (None, 90, 64)       16384       max_pooling1d_4[0][0]            
__________________________________________________________________________________________________
concatenate_4 (Concatenate)     (None, 90, 256)      0           conv1d_22[0][0]                  
                                                                 conv1d_23[0][0]                  
                                                                 conv1d_24[0][0]                  
                                                                 conv1d_25[0][0]                  
__________________________________________________________________________________________________
batch_normalization_8 (BatchNor (None, 90, 256)      1024        concatenate_4[0][0]              
__________________________________________________________________________________________________
activation_5 (Activation)       (None, 90, 256)      0           batch_normalization_8[0][0]      
__________________________________________________________________________________________________
global_average_pooling1d (Globa (None, 256)          0           activation_5[0][0]               
__________________________________________________________________________________________________
dense_3 (Dense)                 (None, 17)           4369        global_average_pooling1d[0][0]   
==================================================================================================
Total params: 1,354,789
Trainable params: 1,351,563
Non-trainable params: 3,226
__________________________________________________________________________________________________

+++Hyperparameters+++
Number of Epochs: 350
Batch Size: 64
Learning rate: 0.0005
Regularization rate: 0.00593
Network depth: 5
Filters number: 64
Max kernel size: 68
Use residual: True
Use bottleneck: True


Test Accuracy: 86.87973022460938
Test Loss: 0.5472928285598755



Classification Report
                  precision    recall  f1-score   support

     Open Door 1       0.93      0.84      0.88        76
     Open Door 2       0.87      0.91      0.89        66
    Close Door 1       0.91      0.92      0.91        75
    Close Door 2       0.88      0.95      0.92        64
     Open Fridge       0.83      0.94      0.88        78
    Close Fridge       0.83      0.90      0.86        71
 Open Dishwasher       0.92      0.81      0.86        59
Close Dishwasher       0.87      0.90      0.88        51
   Open Drawer 1       0.88      0.71      0.79        52
  Close Drawer 1       0.43      0.64      0.51        28
   Open Drawer 2       0.55      0.44      0.49        36
  Close Drawer 2       0.57      0.59      0.58        27
   Open Drawer 3       0.79      0.79      0.79        43
  Close Drawer 3       0.92      0.73      0.81        48
     Clean Table       0.96      0.94      0.95        99
  Drink from Cup       0.95      0.98      0.97       262
   Toggle Switch       0.89      0.78      0.83        54

        accuracy                           0.87      1189
       macro avg       0.82      0.81      0.81      1189
    weighted avg       0.87      0.87      0.87      1189



Confusion Matrix
[[ 64   0   5   1   0   1   0   0   0   0   0   0   0   0   0   5   0]
 [  0  60   0   5   0   0   0   0   0   0   0   0   0   0   0   1   0]
 [  4   0  69   1   0   0   0   0   0   0   0   0   0   1   0   0   0]
 [  1   0   1  61   0   0   0   0   0   0   0   0   0   0   0   0   1]
 [  0   0   0   0  73   4   0   0   0   0   0   0   0   0   0   1   0]
 [  0   0   0   0   6  64   0   0   0   0   0   0   0   0   0   0   1]
 [  0   0   0   0   2   5  48   2   1   0   0   0   0   1   0   0   0]
 [  0   0   0   0   0   1   4  46   0   0   0   0   0   0   0   0   0]
 [  0   0   0   0   1   0   0   3  37   8   3   0   0   0   0   0   0]
 [  0   0   0   0   0   1   0   0   3  18   1   1   0   0   0   2   2]
 [  0   0   0   1   1   0   0   2   1  10  16   4   1   0   0   0   0]
 [  0   0   0   0   0   1   0   0   0   5   3  16   0   1   1   0   0]
 [  0   0   0   0   0   0   0   0   0   0   6   3  34   0   0   0   0]
 [  0   0   1   0   0   0   0   0   0   0   0   4   8  35   0   0   0]
 [  0   0   0   0   1   0   0   0   0   0   0   0   0   0  93   4   1]
 [  0   0   0   0   3   0   0   0   0   0   0   0   0   0   2 257   0]
 [  0   9   0   0   1   0   0   0   0   1   0   0   0   0   1   0  42]]


Normalised Confusion Matrix: True
                  Open Door 1  Open Door 2  Close Door 1  Close Door 2  \
Open Door 1             84.21         0.00          6.58          1.32   
Open Door 2              0.00        90.91          0.00          7.58   
Close Door 1             5.33         0.00         92.00          1.33   
Close Door 2             1.56         0.00          1.56         95.31   
Open Fridge              0.00         0.00          0.00          0.00   
Close Fridge             0.00         0.00          0.00          0.00   
Open Dishwasher          0.00         0.00          0.00          0.00   
Close Dishwasher         0.00         0.00          0.00          0.00   
Open Drawer 1            0.00         0.00          0.00          0.00   
Close Drawer 1           0.00         0.00          0.00          0.00   
Open Drawer 2            0.00         0.00          0.00          2.78   
Close Drawer 2           0.00         0.00          0.00          0.00   
Open Drawer 3            0.00         0.00          0.00          0.00   
Close Drawer 3           0.00         0.00          2.08          0.00   
Clean Table              0.00         0.00          0.00          0.00   
Drink from Cup           0.00         0.00          0.00          0.00   
Toggle Switch            0.00        16.67          0.00          0.00   

                  Open Fridge  Close Fridge  Open Dishwasher  \
Open Door 1              0.00          1.32             0.00   
Open Door 2              0.00          0.00             0.00   
Close Door 1             0.00          0.00             0.00   
Close Door 2             0.00          0.00             0.00   
Open Fridge             93.59          5.13             0.00   
Close Fridge             8.45         90.14             0.00   
Open Dishwasher          3.39          8.47            81.36   
Close Dishwasher         0.00          1.96             7.84   
Open Drawer 1            1.92          0.00             0.00   
Close Drawer 1           0.00          3.57             0.00   
Open Drawer 2            2.78          0.00             0.00   
Close Drawer 2           0.00          3.70             0.00   
Open Drawer 3            0.00          0.00             0.00   
Close Drawer 3           0.00          0.00             0.00   
Clean Table              1.01          0.00             0.00   
Drink from Cup           1.15          0.00             0.00   
Toggle Switch            1.85          0.00             0.00   

                  Close Dishwasher  Open Drawer 1  Close Drawer 1  \
Open Door 1                   0.00           0.00            0.00   
Open Door 2                   0.00           0.00            0.00   
Close Door 1                  0.00           0.00            0.00   
Close Door 2                  0.00           0.00            0.00   
Open Fridge                   0.00           0.00            0.00   
Close Fridge                  0.00           0.00            0.00   
Open Dishwasher               3.39           1.69            0.00   
Close Dishwasher             90.20           0.00            0.00   
Open Drawer 1                 5.77          71.15           15.38   
Close Drawer 1                0.00          10.71           64.29   
Open Drawer 2                 5.56           2.78           27.78   
Close Drawer 2                0.00           0.00           18.52   
Open Drawer 3                 0.00           0.00            0.00   
Close Drawer 3                0.00           0.00            0.00   
Clean Table                   0.00           0.00            0.00   
Drink from Cup                0.00           0.00            0.00   
Toggle Switch                 0.00           0.00            1.85   

                  Open Drawer 2  Close Drawer 2  Open Drawer 3  \
Open Door 1                0.00            0.00           0.00   
Open Door 2                0.00            0.00           0.00   
Close Door 1               0.00            0.00           0.00   
Close Door 2               0.00            0.00           0.00   
Open Fridge                0.00            0.00           0.00   
Close Fridge               0.00            0.00           0.00   
Open Dishwasher            0.00            0.00           0.00   
Close Dishwasher           0.00            0.00           0.00   
Open Drawer 1              5.77            0.00           0.00   
Close Drawer 1             3.57            3.57           0.00   
Open Drawer 2             44.44           11.11           2.78   
Close Drawer 2            11.11           59.26           0.00   
Open Drawer 3             13.95            6.98          79.07   
Close Drawer 3             0.00            8.33          16.67   
Clean Table                0.00            0.00           0.00   
Drink from Cup             0.00            0.00           0.00   
Toggle Switch              0.00            0.00           0.00   

                  Close Drawer 3  Clean Table  Drink from Cup  Toggle Switch  
Open Door 1                 0.00         0.00            6.58           0.00  
Open Door 2                 0.00         0.00            1.52           0.00  
Close Door 1                1.33         0.00            0.00           0.00  
Close Door 2                0.00         0.00            0.00           1.56  
Open Fridge                 0.00         0.00            1.28           0.00  
Close Fridge                0.00         0.00            0.00           1.41  
Open Dishwasher             1.69         0.00            0.00           0.00  
Close Dishwasher            0.00         0.00            0.00           0.00  
Open Drawer 1               0.00         0.00            0.00           0.00  
Close Drawer 1              0.00         0.00            7.14           7.14  
Open Drawer 2               0.00         0.00            0.00           0.00  
Close Drawer 2              3.70         3.70            0.00           0.00  
Open Drawer 3               0.00         0.00            0.00           0.00  
Close Drawer 3             72.92         0.00            0.00           0.00  
Clean Table                 0.00        93.94            4.04           1.01  
Drink from Cup              0.00         0.76           98.09           0.00  
Toggle Switch               0.00         1.85            0.00          77.78  


Finished working on: iSPLInception at: 2021-02-10 16:45:53.066089 -> 971.2272598743439

